

     2      5      4     30      6      1     12 
18 5 29 6 32 41 27   167      1    3.220    0.320  262.180   14.440 
0.13     2.74    -0.30    -1.10     0.00     0.00     0.00     0.00     0.25     0.25     0.27     0.17 
0.00         0.00         0.00         0.00         0.00
30000.0000000 30000.0000000 -32768   -32768         0.0
0.0           0.0           0.0           0.0           0.5           0.0           1.0  0.00   0.00
30 cm BT dB 0.44  1.058
  0.15    -32768    -32768 -32768 -32768 -32768 -32768    255    255    255    255    0 2147483647
  0.17    -32768    -32768 -32768 -32768 -32768 -32768    255    255    255    255    0 2147483647
  0.19    -32768    -32768 -32768 -32768 -32768 -32768    255    255    255    255    0 2147483647
  0.21    -32768    -32768 -32768 -32768 -32768 -32768    255    255    255    255    0 2147483647
  0.23    -32768    -32768 -32768 -32768 -32768 -32768    255    255    255    255    0 2147483647
  0.25    -32768    -32768 -32768 -32768 -32768 -32768    255    255    255    255    0 2147483647
  0.27    -32768    -32768 -32768 -32768 -32768 -32768    255    255    255    255    0 2147483647
  0.29    -32768    -32768 -32768 -32768 -32768 -32768    255    255    255    255    0 2147483647
  0.31    -32768    -32768 -32768 -32768 -32768 -32768    255    255    255    255    0 2147483647
  0.33    -32768    -32768 -32768 -32768 -32768 -32768    255    255    255    255    0 2147483647
  0.35    -32768    -32768 -32768 -32768 -32768 -32768    255    255    255    255    0 2147483647
  0.37    -32768    -32768 -32768 -32768 -32768 -32768    255    255    255    255    0 2147483647
  0.39    -32768    -32768 -32768 -32768 -32768 -32768    255    255    255    255    0 2147483647
  0.41    -32768    -32768 -32768 -32768 -32768 -32768    255    255    255    255    0 2147483647
  0.43    -32768    -32768 -32768 -32768 -32768 -32768    255    255    255    255    0 2147483647
  0.45    -32768    -32768 -32768 -32768 -32768 -32768    255    255    255    255    0 2147483647
  0.47    -32768    -32768 -32768 -32768 -32768 -32768    255    255    255    255    0 2147483647
  0.49    -32768    -32768 -32768 -32768 -32768 -32768    255    255    255    255    0 2147483647
  0.51    -32768    -32768 -32768 -32768 -32768 -32768    255    255    255    255    0 2147483647
  0.53    -32768    -32768 -32768 -32768 -32768 -32768    255    255    255    255    0 2147483647
  0.55    -32768    -32768 -32768 -32768 -32768 -32768    255    255    255    255    0 2147483647
  0.57    -32768    -32768 -32768 -32768 -32768 -32768    255    255    255    255    0 2147483647
  0.59    -32768    -32768 -32768 -32768 -32768 -32768    255    255    255    255    0 2147483647
  0.61    -32768    -32768 -32768 -32768 -32768 -32768    255    255    255    255    0 2147483647
  0.63    -32768    -32768 -32768 -32768 -32768 -32768    255    255    255    255    0 2147483647
  0.65    -32768    -32768 -32768 -32768 -32768 -32768    255    255    255    255    0 2147483647
  0.67    -32768    -32768 -32768 -32768 -32768 -32768    255    255    255    255    0 2147483647
  0.69    -32768    -32768 -32768 -32768 -32768 -32768    255    255    255    255    0 2147483647
  0.71    -32768    -32768 -32768 -32768 -32768 -32768    255    255    255    255    0 2147483647
  0.73    -32768    -32768 -32768 -32768 -32768 -32768    255    255    255    255    0 2147483647
18 5 29 6 32 42 49   168      1    2.770    1.450  267.410   14.440 
2.03    -2.81     1.90    -0.70     0.00     0.00     0.00     0.00     0.26     0.25     0.28     0.16 
0.04         1.22        -0.03         0.02         0.04
30000.0000000 30000.0000000 -32768   -32768         0.0
0.0           0.0           0.0           0.0           0.5           0.0           1.0  0.00   0.00
30 cm BT dB 0.44  1.058
  0.15    -32768    -32768 -32768 -32768 -32768 -32768    255    255    255    255    0 2147483647
  0.17    -32768    -32768 -32768 -32768 -32768 -32768    255    255    255    255    0 2147483647
  0.19    -32768    -32768 -32768 -32768 -32768 -32768    255    255    255    255    0 2147483647
  0.21    -32768    -32768 -32768 -32768 -32768 -32768    255    255    255    255    0 2147483647
  0.23    -32768    -32768 -32768 -32768 -32768 -32768    255    255    255    255    0 2147483647
  0.25    -32768    -32768 -32768 -32768 -32768 -32768    255    255    255    255    0 2147483647
  0.27    -32768    -32768 -32768 -32768 -32768 -32768    255    255    255    255    0 2147483647
  0.29    -32768    -32768 -32768 -32768 -32768 -32768    255    255    255    255    0 2147483647
  0.31    -32768    -32768 -32768 -32768 -32768 -32768    255    255    255    255    0 2147483647
  0.33    -32768    -32768 -32768 -32768 -32768 -32768    255    255    255    255    0 2147483647
  0.35    -32768    -32768 -32768 -32768 -32768 -32768    255    255    255    255    0 2147483647
  0.37    -32768    -32768 -32768 -32768 -32768 -32768    255    255    255    255    0 2147483647
  0.39    -32768    -32768 -32768 -32768 -32768 -32768    255    255    255    255    0 2147483647
  0.41    -32768    -32768 -32768 -32768 -32768 -32768    255    255    255    255    0 2147483647
  0.43    -32768    -32768 -32768 -32768 -32768 -32768    255    255    255    255    0 2147483647
  0.45    -32768    -32768 -32768 -32768 -32768 -32768    255    255    255    255    0 2147483647
  0.47    -32768    -32768 -32768 -32768 -32768 -32768    255    255    255    255    0 2147483647
  0.49    -32768    -32768 -32768 -32768 -32768 -32768    255    255    255    255    0 2147483647
  0.51    -32768    -32768 -32768 -32768 -32768 -32768    255    255    255    255    0 2147483647
  0.53    -32768    -32768 -32768 -32768 -32768 -32768    255    255    255    255    0 2147483647
  0.55    -32768    -32768 -32768 -32768 -32768 -32768    255    255    255    255    0 2147483647
  0.57    -32768    -32768 -32768 -32768 -32768 -32768    255    255    255    255    0 2147483647
  0.59    -32768    -32768 -32768 -32768 -32768 -32768    255    255    255    255    0 2147483647
  0.61    -32768    -32768 -32768 -32768 -32768 -32768    255    255    255    255    0 2147483647
  0.63    -32768    -32768 -32768 -32768 -32768 -32768    255    255    255    255    0 2147483647
  0.65    -32768    -32768 -32768 -32768 -32768 -32768    255    255    255    255    0 2147483647
  0.67    -32768    -32768 -32768 -32768 -32768 -32768    255    255    255    255    0 2147483647
  0.69    -32768    -32768 -32768 -32768 -32768 -32768    255    255    255    255    0 2147483647
  0.71    -32768    -32768 -32768 -32768 -32768 -32768    255    255    255    255    0 2147483647
  0.73    -32768    -32768 -32768 -32768 -32768 -32768    255    255    255    255    0 2147483647
18 5 29 6 32 43 71   169      1    2.640    2.240  253.450   14.440 
10.49   -10.03    -0.30    -0.70     0.00     0.00     0.00     0.00     0.26     0.21     0.26     0.22 
0.22         2.44        -0.16         0.15         0.22
30000.0000000 30000.0000000 -32768   -32768         0.0
0.0           0.0           0.0           0.0           0.5           0.0           1.0  0.00   0.00
30 cm BT dB 0.44  1.058
  0.15    -32768    -32768 -32768 -32768 -32768 -32768    255    255    255    255    0 2147483647
  0.17    -32768    -32768 -32768 -32768 -32768 -32768    255    255    255    255    0 2147483647
  0.19    -32768    -32768 -32768 -32768 -32768 -32768    255    255    255    255    0 2147483647
  0.21    -32768    -32768 -32768 -32768 -32768 -32768    255    255    255    255    0 2147483647
  0.23    -32768    -32768 -32768 -32768 -32768 -32768    255    255    255    255    0 2147483647
  0.25    -32768    -32768 -32768 -32768 -32768 -32768    255    255    255    255    0 2147483647
  0.27    -32768    -32768 -32768 -32768 -32768 -32768    255    255    255    255    0 2147483647
  0.29    -32768    -32768 -32768 -32768 -32768 -32768    255    255    255    255    0 2147483647
  0.31    -32768    -32768 -32768 -32768 -32768 -32768    255    255    255    255    0 2147483647
  0.33    -32768    -32768 -32768 -32768 -32768 -32768    255    255    255    255    0 2147483647
  0.35    -32768    -32768 -32768 -32768 -32768 -32768    255    255    255    255    0 2147483647
  0.37    -32768    -32768 -32768 -32768 -32768 -32768    255    255    255    255    0 2147483647
  0.39    -32768    -32768 -32768 -32768 -32768 -32768    255    255    255    255    0 2147483647
  0.41    -32768    -32768 -32768 -32768 -32768 -32768    255    255    255    255    0 2147483647
  0.43    -32768    -32768 -32768 -32768 -32768 -32768    255    255    255    255    0 2147483647
  0.45    -32768    -32768 -32768 -32768 -32768 -32768    255    255    255    255    0 2147483647
  0.47    -32768    -32768 -32768 -32768 -32768 -32768    255    255    255    255    0 2147483647
  0.49    -32768    -32768 -32768 -32768 -32768 -32768    255    255    255    255    0 2147483647
  0.51    -32768    -32768 -32768 -32768 -32768 -32768    255    255    255    255    0 2147483647
  0.53    -32768    -32768 -32768 -32768 -32768 -32768    255    255    255    255    0 2147483647
  0.55    -32768    -32768 -32768 -32768 -32768 -32768    255    255    255    255    0 2147483647
  0.57    -32768    -32768 -32768 -32768 -32768 -32768    255    255    255    255    0 2147483647
  0.59    -32768    -32768 -32768 -32768 -32768 -32768    255    255    255    255    0 2147483647
  0.61    -32768    -32768 -32768 -32768 -32768 -32768    255    255    255    255    0 2147483647
  0.63    -32768    -32768 -32768 -32768 -32768 -32768    255    255    255    255    0 2147483647
  0.65    -32768    -32768 -32768 -32768 -32768 -32768    255    255    255    255    0 2147483647
  0.67    -32768    -32768 -32768 -32768 -32768 -32768    255    255    255    255    0 2147483647
  0.69    -32768    -32768 -32768 -32768 -32768 -32768    255    255    255    255    0 2147483647
  0.71    -32768    -32768 -32768 -32768 -32768 -32768    255    255    255    255    0 2147483647
  0.73    -32768    -32768 -32768 -32768 -32768 -32768    255    255    255    255    0 2147483647
18 5 29 6 32 44 93   170      1    1.910    0.740  232.950   14.440 
16.17   -14.61    -0.30    -1.30     0.00     0.00     0.00     0.00     0.29     0.22     0.25     0.26 
0.49         3.66        -0.33         0.35         0.48
30000.0000000 30000.0000000 -32768   -32768         0.0
0.0           0.0           0.0           0.0           0.5           0.0           1.0  0.15   0.15
30 cm BT dB 0.44  1.058
  0.15     23.29    111.65   21.6   -8.6   -1.6   25.7   56.7   54.9   62.0   67.7  100       0.00
  0.17    -32768    -32768 -32768 -32768 -32768 -32768    255    255    255    255    0 2147483647
  0.19    -32768    -32768 -32768 -32768 -32768 -32768    255    255    255    255    0 2147483647
  0.21    -32768    -32768 -32768 -32768 -32768 -32768    255    255    255    255    0 2147483647
  0.23    -32768    -32768 -32768 -32768 -32768 -32768    255    255    255    255    0 2147483647
  0.25    -32768    -32768 -32768 -32768 -32768 -32768    255    255    255    255    0 2147483647
  0.27    -32768    -32768 -32768 -32768 -32768 -32768    255    255    255    255    0 2147483647
  0.29    -32768    -32768 -32768 -32768 -32768 -32768    255    255    255    255    0 2147483647
  0.31    -32768    -32768 -32768 -32768 -32768 -32768    255    255    255    255    0 2147483647
  0.33    -32768    -32768 -32768 -32768 -32768 -32768    255    255    255    255    0 2147483647
  0.35    -32768    -32768 -32768 -32768 -32768 -32768    255    255    255    255    0 2147483647
  0.37    -32768    -32768 -32768 -32768 -32768 -32768    255    255    255    255    0 2147483647
  0.39    -32768    -32768 -32768 -32768 -32768 -32768    255    255    255    255    0 2147483647
  0.41    -32768    -32768 -32768 -32768 -32768 -32768    255    255    255    255    0 2147483647
  0.43    -32768    -32768 -32768 -32768 -32768 -32768    255    255    255    255    0 2147483647
  0.45    -32768    -32768 -32768 -32768 -32768 -32768    255    255    255    255    0 2147483647
  0.47    -32768    -32768 -32768 -32768 -32768 -32768    255    255    255    255    0 2147483647
  0.49    -32768    -32768 -32768 -32768 -32768 -32768    255    255    255    255    0 2147483647
  0.51    -32768    -32768 -32768 -32768 -32768 -32768    255    255    255    255    0 2147483647
  0.53    -32768    -32768 -32768 -32768 -32768 -32768    255    255    255    255    0 2147483647
  0.55    -32768    -32768 -32768 -32768 -32768 -32768    255    255    255    255    0 2147483647
  0.57    -32768    -32768 -32768 -32768 -32768 -32768    255    255    255    255    0 2147483647
  0.59    -32768    -32768 -32768 -32768 -32768 -32768    255    255    255    255    0 2147483647
  0.61    -32768    -32768 -32768 -32768 -32768 -32768    255    255    255    255    0 2147483647
  0.63    -32768    -32768 -32768 -32768 -32768 -32768    255    255    255    255    0 2147483647
  0.65    -32768    -32768 -32768 -32768 -32768 -32768    255    255    255    255    0 2147483647
  0.67    -32768    -32768 -32768 -32768 -32768 -32768    255    255    255    255    0 2147483647
  0.69    -32768    -32768 -32768 -32768 -32768 -32768    255    255    255    255    0 2147483647
  0.71    -32768    -32768 -32768 -32768 -32768 -32768    255    255    255    255    0 2147483647
  0.73    -32768    -32768 -32768 -32768 -32768 -32768    255    255    255    255    0 2147483647
18 5 29 6 32 46 15   171      1    1.710    2.020  217.860   14.440 
24.95   -13.69    -1.20     0.30     0.00     0.00     0.00     0.00     0.28     0.26     0.32     0.31 
0.83         4.88        -0.50         0.65         0.82
30000.0000000 30000.0000000 -32768   -32768         0.0
0.0           0.0           0.0           0.0           0.5           0.0           1.0  0.15   0.19
30 cm BT dB 0.44  1.058
  0.15     29.45    122.01   25.0  -15.6    4.3   11.5   57.6   58.9   63.8   72.2  100      -0.00
  0.17     15.08     65.95   13.8    6.1   -3.2    9.3   58.0   60.7   61.6   69.1  100       0.00
  0.19     78.84     33.42   43.4   65.8   -6.7   35.1   57.2   59.4   63.0   70.0  100       0.01
  0.21    -32768    -32768 -32768 -32768 -32768 -32768    255    255    255    255    0 2147483647
  0.23    -32768    -32768 -32768 -32768 -32768 -32768    255    255    255    255    0 2147483647
  0.25    -32768    -32768 -32768 -32768 -32768 -32768    255    255    255    255    0 2147483647
  0.27    -32768    -32768 -32768 -32768 -32768 -32768    255    255    255    255    0 2147483647
  0.29    -32768    -32768 -32768 -32768 -32768 -32768    255    255    255    255    0 2147483647
  0.31    -32768    -32768 -32768 -32768 -32768 -32768    255    255    255    255    0 2147483647
  0.33    -32768    -32768 -32768 -32768 -32768 -32768    255    255    255    255    0 2147483647
  0.35    -32768    -32768 -32768 -32768 -32768 -32768    255    255    255    255    0 2147483647
  0.37    -32768    -32768 -32768 -32768 -32768 -32768    255    255    255    255    0 2147483647
  0.39    -32768    -32768 -32768 -32768 -32768 -32768    255    255    255    255    0 2147483647
  0.41    -32768    -32768 -32768 -32768 -32768 -32768    255    255    255    255    0 2147483647
  0.43    -32768    -32768 -32768 -32768 -32768 -32768    255    255    255    255    0 2147483647
  0.45    -32768    -32768 -32768 -32768 -32768 -32768    255    255    255    255    0 2147483647
  0.47    -32768    -32768 -32768 -32768 -32768 -32768    255    255    255    255    0 2147483647
  0.49    -32768    -32768 -32768 -32768 -32768 -32768    255    255    255    255    0 2147483647
  0.51    -32768    -32768 -32768 -32768 -32768 -32768    255    255    255    255    0 2147483647
  0.53    -32768    -32768 -32768 -32768 -32768 -32768    255    255    255    255    0 2147483647
  0.55    -32768    -32768 -32768 -32768 -32768 -32768    255    255    255    255    0 2147483647
  0.57    -32768    -32768 -32768 -32768 -32768 -32768    255    255    255    255    0 2147483647
  0.59    -32768    -32768 -32768 -32768 -32768 -32768    255    255    255    255    0 2147483647
  0.61    -32768    -32768 -32768 -32768 -32768 -32768    255    255    255    255    0 2147483647
  0.63    -32768    -32768 -32768 -32768 -32768 -32768    255    255    255    255    0 2147483647
  0.65    -32768    -32768 -32768 -32768 -32768 -32768    255    255    255    255    0 2147483647
  0.67    -32768    -32768 -32768 -32768 -32768 -32768    255    255    255    255    0 2147483647
  0.69    -32768    -32768 -32768 -32768 -32768 -32768    255    255    255    255    0 2147483647
  0.71    -32768    -32768 -32768 -32768 -32768 -32768    255    255    255    255    0 2147483647
  0.73    -32768    -32768 -32768 -32768 -32768 -32768    255    255    255    255    0 2147483647
18 5 29 6 32 47 34   172      1    0.680    0.790  206.610   14.440 
33.36    -8.43     0.50     0.40     0.00     0.00     0.00     0.00     0.32     0.29     0.30     0.33 
1.24         6.07        -0.60         1.05         1.21
30000.0000000 30000.0000000 -32768   -32768         0.0
0.0           0.0           0.0           0.0           0.5           0.0           1.0  0.15   0.21
30 cm BT dB 0.44  1.058
  0.15      2.18    280.66   -2.1    0.4    4.6    4.1   58.4   59.3   61.1   68.6  100      -0.00
  0.17     29.68    212.99  -16.2  -24.9    9.2    7.4   59.4   61.6   59.8   69.6  100      -0.00
  0.19     21.26    267.63  -21.2   -0.9   12.5   12.5   63.0   61.2   62.1   69.2  100      -0.00
  0.21     32.87    143.18   19.7  -26.3    3.6   -5.7   57.7   59.5   59.5   68.3  100      -0.00
  0.23    -32768    -32768 -32768 -32768 -32768 -32768    255    255    255    255    0 2147483647
  0.25    -32768    -32768 -32768 -32768 -32768 -32768    255    255    255    255    0 2147483647
  0.27    -32768    -32768 -32768 -32768 -32768 -32768    255    255    255    255    0 2147483647
  0.29    -32768    -32768 -32768 -32768 -32768 -32768    255    255    255    255    0 2147483647
  0.31    -32768    -32768 -32768 -32768 -32768 -32768    255    255    255    255    0 2147483647
  0.33    -32768    -32768 -32768 -32768 -32768 -32768    255    255    255    255    0 2147483647
  0.35    -32768    -32768 -32768 -32768 -32768 -32768    255    255    255    255    0 2147483647
  0.37    -32768    -32768 -32768 -32768 -32768 -32768    255    255    255    255    0 2147483647
  0.39    -32768    -32768 -32768 -32768 -32768 -32768    255    255    255    255    0 2147483647
  0.41    -32768    -32768 -32768 -32768 -32768 -32768    255    255    255    255    0 2147483647
  0.43    -32768    -32768 -32768 -32768 -32768 -32768    255    255    255    255    0 2147483647
  0.45    -32768    -32768 -32768 -32768 -32768 -32768    255    255    255    255    0 2147483647
  0.47    -32768    -32768 -32768 -32768 -32768 -32768    255    255    255    255    0 2147483647
  0.49    -32768    -32768 -32768 -32768 -32768 -32768    255    255    255    255    0 2147483647
  0.51    -32768    -32768 -32768 -32768 -32768 -32768    255    255    255    255    0 2147483647
  0.53    -32768    -32768 -32768 -32768 -32768 -32768    255    255    255    255    0 2147483647
  0.55    -32768    -32768 -32768 -32768 -32768 -32768    255    255    255    255    0 2147483647
  0.57    -32768    -32768 -32768 -32768 -32768 -32768    255    255    255    255    0 2147483647
  0.59    -32768    -32768 -32768 -32768 -32768 -32768    255    255    255    255    0 2147483647
  0.61    -32768    -32768 -32768 -32768 -32768 -32768    255    255    255    255    0 2147483647
  0.63    -32768    -32768 -32768 -32768 -32768 -32768    255    255    255    255    0 2147483647
  0.65    -32768    -32768 -32768 -32768 -32768 -32768    255    255    255    255    0 2147483647
  0.67    -32768    -32768 -32768 -32768 -32768 -32768    255    255    255    255    0 2147483647
  0.69    -32768    -32768 -32768 -32768 -32768 -32768    255    255    255    255    0 2147483647
  0.71    -32768    -32768 -32768 -32768 -32768 -32768    255    255    255    255    0 2147483647
  0.73    -32768    -32768 -32768 -32768 -32768 -32768    255    255    255    255    0 2147483647
18 5 29 6 32 48 55   173      1    1.740    1.680  192.430   14.440 
46.23     3.94    -0.30     0.40     0.00     0.00     0.00     0.00     0.34     0.30     0.31     0.31 
1.80         7.28        -0.55         1.61         1.70
30000.0000000 30000.0000000 -32768   -32768         0.0
0.0           0.0           0.0           0.0           0.5           0.0           1.0  0.15   0.21
30 cm BT dB 0.44  1.058
  0.15     17.65    333.87   -7.8   15.8   -9.0    7.1   56.7   58.4   65.5   70.4  100       0.00
  0.17     73.48     70.56   69.3   24.5    6.7  -12.0   59.4   58.0   66.9   70.4  100       0.00
  0.19     15.70    359.54   -0.1   15.7   -7.8  -34.3   55.0   59.0   66.5   71.8  100       0.00
  0.21     82.48     46.16   59.5   57.1    6.7   -7.1   59.0   57.2   66.5   70.1  100       0.01
  0.23    -32768    -32768 -32768 -32768 -32768 -32768    255    255    255    255    0 2147483647
  0.25    -32768    -32768 -32768 -32768 -32768 -32768    255    255    255    255    0 2147483647
  0.27    -32768    -32768 -32768 -32768 -32768 -32768    255    255    255    255    0 2147483647
  0.29    -32768    -32768 -32768 -32768 -32768 -32768    255    255    255    255    0 2147483647
  0.31    -32768    -32768 -32768 -32768 -32768 -32768    255    255    255    255    0 2147483647
  0.33    -32768    -32768 -32768 -32768 -32768 -32768    255    255    255    255    0 2147483647
  0.35    -32768    -32768 -32768 -32768 -32768 -32768    255    255    255    255    0 2147483647
  0.37    -32768    -32768 -32768 -32768 -32768 -32768    255    255    255    255    0 2147483647
  0.39    -32768    -32768 -32768 -32768 -32768 -32768    255    255    255    255    0 2147483647
  0.41    -32768    -32768 -32768 -32768 -32768 -32768    255    255    255    255    0 2147483647
  0.43    -32768    -32768 -32768 -32768 -32768 -32768    255    255    255    255    0 2147483647
  0.45    -32768    -32768 -32768 -32768 -32768 -32768    255    255    255    255    0 2147483647
  0.47    -32768    -32768 -32768 -32768 -32768 -32768    255    255    255    255    0 2147483647
  0.49    -32768    -32768 -32768 -32768 -32768 -32768    255    255    255    255    0 2147483647
  0.51    -32768    -32768 -32768 -32768 -32768 -32768    255    255    255    255    0 2147483647
  0.53    -32768    -32768 -32768 -32768 -32768 -32768    255    255    255    255    0 2147483647
  0.55    -32768    -32768 -32768 -32768 -32768 -32768    255    255    255    255    0 2147483647
  0.57    -32768    -32768 -32768 -32768 -32768 -32768    255    255    255    255    0 2147483647
  0.59    -32768    -32768 -32768 -32768 -32768 -32768    255    255    255    255    0 2147483647
  0.61    -32768    -32768 -32768 -32768 -32768 -32768    255    255    255    255    0 2147483647
  0.63    -32768    -32768 -32768 -32768 -32768 -32768    255    255    255    255    0 2147483647
  0.65    -32768    -32768 -32768 -32768 -32768 -32768    255    255    255    255    0 2147483647
  0.67    -32768    -32768 -32768 -32768 -32768 -32768    255    255    255    255    0 2147483647
  0.69    -32768    -32768 -32768 -32768 -32768 -32768    255    255    255    255    0 2147483647
  0.71    -32768    -32768 -32768 -32768 -32768 -32768    255    255    255    255    0 2147483647
  0.73    -32768    -32768 -32768 -32768 -32768 -32768    255    255    255    255    0 2147483647
18 5 29 6 32 49 72   174      1    1.120    5.030  174.480   14.440 
34.68    10.18     1.00     0.70     0.00     0.00     0.00     0.00     0.43     0.33     0.36     0.32 
2.23         8.45        -0.44         2.02         2.06
30000.0000000 30000.0000000 -32768   -32768         0.0
0.0           0.1           0.0           0.0           0.5           0.0           1.0  0.15   0.23
30 cm BT dB 0.44  1.058
  0.15     67.73     68.45   63.0   24.9    4.5  -31.4   56.7   63.3   68.6   72.6  100       0.00
  0.17     61.52     44.29   43.0   44.0   -0.3    4.2   59.8   60.3   65.1   70.4  100       0.00
  0.19     30.03     30.13   15.1   26.0   -0.3   -0.8   56.3   63.0   66.5   72.3  100       0.00
  0.21     60.84     18.43   19.2   57.7   -1.6  -20.7   58.6   62.1   66.5   72.7  100       0.00
  0.23     19.41      0.69    0.2   19.4    1.9   -1.4   59.5   59.5   65.7   71.5  100       0.00
  0.25    -32768    -32768 -32768 -32768 -32768 -32768    255    255    255    255    0 2147483647
  0.27    -32768    -32768 -32768 -32768 -32768 -32768    255    255    255    255    0 2147483647
  0.29    -32768    -32768 -32768 -32768 -32768 -32768    255    255    255    255    0 2147483647
  0.31    -32768    -32768 -32768 -32768 -32768 -32768    255    255    255    255    0 2147483647
  0.33    -32768    -32768 -32768 -32768 -32768 -32768    255    255    255    255    0 2147483647
  0.35    -32768    -32768 -32768 -32768 -32768 -32768    255    255    255    255    0 2147483647
  0.37    -32768    -32768 -32768 -32768 -32768 -32768    255    255    255    255    0 2147483647
  0.39    -32768    -32768 -32768 -32768 -32768 -32768    255    255    255    255    0 2147483647
  0.41    -32768    -32768 -32768 -32768 -32768 -32768    255    255    255    255    0 2147483647
  0.43    -32768    -32768 -32768 -32768 -32768 -32768    255    255    255    255    0 2147483647
  0.45    -32768    -32768 -32768 -32768 -32768 -32768    255    255    255    255    0 2147483647
  0.47    -32768    -32768 -32768 -32768 -32768 -32768    255    255    255    255    0 2147483647
  0.49    -32768    -32768 -32768 -32768 -32768 -32768    255    255    255    255    0 2147483647
  0.51    -32768    -32768 -32768 -32768 -32768 -32768    255    255    255    255    0 2147483647
  0.53    -32768    -32768 -32768 -32768 -32768 -32768    255    255    255    255    0 2147483647
  0.55    -32768    -32768 -32768 -32768 -32768 -32768    255    255    255    255    0 2147483647
  0.57    -32768    -32768 -32768 -32768 -32768 -32768    255    255    255    255    0 2147483647
  0.59    -32768    -32768 -32768 -32768 -32768 -32768    255    255    255    255    0 2147483647
  0.61    -32768    -32768 -32768 -32768 -32768 -32768    255    255    255    255    0 2147483647
  0.63    -32768    -32768 -32768 -32768 -32768 -32768    255    255    255    255    0 2147483647
  0.65    -32768    -32768 -32768 -32768 -32768 -32768    255    255    255    255    0 2147483647
  0.67    -32768    -32768 -32768 -32768 -32768 -32768    255    255    255    255    0 2147483647
  0.69    -32768    -32768 -32768 -32768 -32768 -32768    255    255    255    255    0 2147483647
  0.71    -32768    -32768 -32768 -32768 -32768 -32768    255    255    255    255    0 2147483647
  0.73    -32768    -32768 -32768 -32768 -32768 -32768    255    255    255    255    0 2147483647
18 5 29 6 32 50 87   175      1    5.850    4.040  213.340   14.440 
12.65    -5.33     0.10    -0.40     0.00     0.00     0.00     0.00     0.37     0.33     0.38     0.32 
2.38         9.60        -0.50         2.16         2.22
30000.0000000 30000.0000000 -32768   -32768         0.0
0.0           0.1           0.0           0.0           0.5           0.0           1.0  0.15   0.23
30 cm BT dB 0.44  1.058
  0.15     37.82     31.37   19.7   32.3   -0.7   14.7   58.9   58.4   66.4   72.2  100       0.00
  0.17     56.04     53.81   45.2   33.1    7.3  -13.0   58.5   58.5   65.6   72.7  100       0.00
  0.19     69.10     13.99   16.7   67.1   -3.9    6.1   59.0   60.7   65.6   74.0  100       0.00
  0.21     17.40     60.35   15.1    8.6   14.2   18.9   61.7   59.5   65.7   71.4  100       0.00
  0.23     53.15      8.41    7.8   52.6   -6.5   26.0   59.5   62.6   65.3   70.6  100       0.00
  0.25    -32768    -32768 -32768 -32768 -32768 -32768    255    255    255    255    0 2147483647
  0.27    -32768    -32768 -32768 -32768 -32768 -32768    255    255    255    255    0 2147483647
  0.29    -32768    -32768 -32768 -32768 -32768 -32768    255    255    255    255    0 2147483647
  0.31    -32768    -32768 -32768 -32768 -32768 -32768    255    255    255    255    0 2147483647
  0.33    -32768    -32768 -32768 -32768 -32768 -32768    255    255    255    255    0 2147483647
  0.35    -32768    -32768 -32768 -32768 -32768 -32768    255    255    255    255    0 2147483647
  0.37    -32768    -32768 -32768 -32768 -32768 -32768    255    255    255    255    0 2147483647
  0.39    -32768    -32768 -32768 -32768 -32768 -32768    255    255    255    255    0 2147483647
  0.41    -32768    -32768 -32768 -32768 -32768 -32768    255    255    255    255    0 2147483647
  0.43    -32768    -32768 -32768 -32768 -32768 -32768    255    255    255    255    0 2147483647
  0.45    -32768    -32768 -32768 -32768 -32768 -32768    255    255    255    255    0 2147483647
  0.47    -32768    -32768 -32768 -32768 -32768 -32768    255    255    255    255    0 2147483647
  0.49    -32768    -32768 -32768 -32768 -32768 -32768    255    255    255    255    0 2147483647
  0.51    -32768    -32768 -32768 -32768 -32768 -32768    255    255    255    255    0 2147483647
  0.53    -32768    -32768 -32768 -32768 -32768 -32768    255    255    255    255    0 2147483647
  0.55    -32768    -32768 -32768 -32768 -32768 -32768    255    255    255    255    0 2147483647
  0.57    -32768    -32768 -32768 -32768 -32768 -32768    255    255    255    255    0 2147483647
  0.59    -32768    -32768 -32768 -32768 -32768 -32768    255    255    255    255    0 2147483647
  0.61    -32768    -32768 -32768 -32768 -32768 -32768    255    255    255    255    0 2147483647
  0.63    -32768    -32768 -32768 -32768 -32768 -32768    255    255    255    255    0 2147483647
  0.65    -32768    -32768 -32768 -32768 -32768 -32768    255    255    255    255    0 2147483647
  0.67    -32768    -32768 -32768 -32768 -32768 -32768    255    255    255    255    0 2147483647
  0.69    -32768    -32768 -32768 -32768 -32768 -32768    255    255    255    255    0 2147483647
  0.71    -32768    -32768 -32768 -32768 -32768 -32768    255    255    255    255    0 2147483647
  0.73    -32768    -32768 -32768 -32768 -32768 -32768    255    255    255    255    0 2147483647
18 5 29 6 32 51 95   176      1    5.830    3.770  253.730   14.380 
0.04    -3.01     1.30     8.00     0.00     0.00     0.00     0.00     0.37     0.44     1.11     0.37 
2.42        10.68        -0.53         2.16         2.23
30000.0000000 30000.0000000 -32768   -32768         0.0
0.0           0.1           0.0           0.0           0.5           0.0           1.0  0.15   0.29
30 cm BT dB 0.44  1.060
  0.15     78.09     31.58   40.9   66.5   -7.4    5.6   61.5   62.4   67.7   70.0  100       0.00
  0.17     57.44     32.05   30.5   48.7   -9.1    6.3   60.3   62.5   62.5   72.2  100       0.00
  0.19     43.15      3.51    2.6   43.1   -4.6   42.5   61.2   63.4   64.3   70.5  100       0.00
  0.21     34.22     61.93   30.2   16.1    5.3  -11.7   58.1   63.0   65.7   71.9  100       0.00
  0.23      5.28     49.11    4.0    3.5   -5.1   34.9   59.5   63.9   64.4   69.7  100       0.00
  0.25     33.35    291.67  -31.0   12.3   12.6  -59.0   56.5   63.5   66.6   71.5  100      -0.00
  0.27     77.92     55.48   64.2   44.2    2.4   -1.2   58.3   62.3   63.6   70.7  100       0.00
  0.29     27.46    347.49   -5.9   26.8    3.7    5.1   55.7   60.1   64.1   68.5  100      -0.00
  0.31    -32768    -32768 -32768 -32768 -32768 -32768    255    255    255    255    0 2147483647
  0.33    -32768    -32768 -32768 -32768 -32768 -32768    255    255    255    255    0 2147483647
  0.35    -32768    -32768 -32768 -32768 -32768 -32768    255    255    255    255    0 2147483647
  0.37    -32768    -32768 -32768 -32768 -32768 -32768    255    255    255    255    0 2147483647
  0.39    -32768    -32768 -32768 -32768 -32768 -32768    255    255    255    255    0 2147483647
  0.41    -32768    -32768 -32768 -32768 -32768 -32768    255    255    255    255    0 2147483647
  0.43    -32768    -32768 -32768 -32768 -32768 -32768    255    255    255    255    0 2147483647
  0.45    -32768    -32768 -32768 -32768 -32768 -32768    255    255    255    255    0 2147483647
  0.47    -32768    -32768 -32768 -32768 -32768 -32768    255    255    255    255    0 2147483647
  0.49    -32768    -32768 -32768 -32768 -32768 -32768    255    255    255    255    0 2147483647
  0.51    -32768    -32768 -32768 -32768 -32768 -32768    255    255    255    255    0 2147483647
  0.53    -32768    -32768 -32768 -32768 -32768 -32768    255    255    255    255    0 2147483647
  0.55    -32768    -32768 -32768 -32768 -32768 -32768    255    255    255    255    0 2147483647
  0.57    -32768    -32768 -32768 -32768 -32768 -32768    255    255    255    255    0 2147483647
  0.59    -32768    -32768 -32768 -32768 -32768 -32768    255    255    255    255    0 2147483647
  0.61    -32768    -32768 -32768 -32768 -32768 -32768    255    255    255    255    0 2147483647
  0.63    -32768    -32768 -32768 -32768 -32768 -32768    255    255    255    255    0 2147483647
  0.65    -32768    -32768 -32768 -32768 -32768 -32768    255    255    255    255    0 2147483647
  0.67    -32768    -32768 -32768 -32768 -32768 -32768    255    255    255    255    0 2147483647
  0.69    -32768    -32768 -32768 -32768 -32768 -32768    255    255    255    255    0 2147483647
  0.71    -32768    -32768 -32768 -32768 -32768 -32768    255    255    255    255    0 2147483647
  0.73    -32768    -32768 -32768 -32768 -32768 -32768    255    255    255    255    0 2147483647
18 5 29 6 32 53 17   177      1    3.990    4.680  257.590   14.440 
2.58   -16.84    -1.60    -4.30     0.00     0.00     0.00     0.00     0.36     0.41     0.40     0.31 
2.62        11.90        -0.73         2.19         2.31
30000.0000000 30000.0000000 -32768   -32768         0.0
0.0           0.1           0.0           0.0           0.5           0.0           1.0  0.15   0.23
30 cm BT dB 0.44  1.058
  0.15     75.21    317.24  -51.1   55.2    3.3   10.6   61.5   59.8   66.9   71.3  100      -0.00
  0.17    -32768    -32768 -32768 -32768 -32768 -32768   62.0   62.0   66.9   72.2    0      -0.00
  0.19     28.94      3.02    1.5   28.9   -3.7  -26.4   61.6   58.1   66.9   72.3  100       0.00
  0.21     41.97    358.58   -1.0   42.0   -7.8  -16.0   59.0   61.2   64.3   73.6  100       0.00
  0.23     21.51    295.79  -19.4    9.4    3.0  -36.7   59.5   59.5   63.9   71.0  100      -0.00
  0.25    -32768    -32768 -32768 -32768 -32768 -32768    255    255    255    255    0 2147483647
  0.27    -32768    -32768 -32768 -32768 -32768 -32768    255    255    255    255    0 2147483647
  0.29    -32768    -32768 -32768 -32768 -32768 -32768    255    255    255    255    0 2147483647
  0.31    -32768    -32768 -32768 -32768 -32768 -32768    255    255    255    255    0 2147483647
  0.33    -32768    -32768 -32768 -32768 -32768 -32768    255    255    255    255    0 2147483647
  0.35    -32768    -32768 -32768 -32768 -32768 -32768    255    255    255    255    0 2147483647
  0.37    -32768    -32768 -32768 -32768 -32768 -32768    255    255    255    255    0 2147483647
  0.39    -32768    -32768 -32768 -32768 -32768 -32768    255    255    255    255    0 2147483647
  0.41    -32768    -32768 -32768 -32768 -32768 -32768    255    255    255    255    0 2147483647
  0.43    -32768    -32768 -32768 -32768 -32768 -32768    255    255    255    255    0 2147483647
  0.45    -32768    -32768 -32768 -32768 -32768 -32768    255    255    255    255    0 2147483647
  0.47    -32768    -32768 -32768 -32768 -32768 -32768    255    255    255    255    0 2147483647
  0.49    -32768    -32768 -32768 -32768 -32768 -32768    255    255    255    255    0 2147483647
  0.51    -32768    -32768 -32768 -32768 -32768 -32768    255    255    255    255    0 2147483647
  0.53    -32768    -32768 -32768 -32768 -32768 -32768    255    255    255    255    0 2147483647
  0.55    -32768    -32768 -32768 -32768 -32768 -32768    255    255    255    255    0 2147483647
  0.57    -32768    -32768 -32768 -32768 -32768 -32768    255    255    255    255    0 2147483647
  0.59    -32768    -32768 -32768 -32768 -32768 -32768    255    255    255    255    0 2147483647
  0.61    -32768    -32768 -32768 -32768 -32768 -32768    255    255    255    255    0 2147483647
  0.63    -32768    -32768 -32768 -32768 -32768 -32768    255    255    255    255    0 2147483647
  0.65    -32768    -32768 -32768 -32768 -32768 -32768    255    255    255    255    0 2147483647
  0.67    -32768    -32768 -32768 -32768 -32768 -32768    255    255    255    255    0 2147483647
  0.69    -32768    -32768 -32768 -32768 -32768 -32768    255    255    255    255    0 2147483647
  0.71    -32768    -32768 -32768 -32768 -32768 -32768    255    255    255    255    0 2147483647
  0.73    -32768    -32768 -32768 -32768 -32768 -32768    255    255    255    255    0 2147483647
18 5 29 6 32 54 33   178      1    1.930    1.780  248.690   14.440 
12.12   -18.14    -1.60     1.90     0.00     0.00     0.00     0.00     0.36     0.38     0.40     0.37 
2.88        13.06        -0.95         2.33         2.52
30000.0000000 30000.0000000 -32768   -32768         0.0
0.0           0.1           0.0           0.0           0.5           0.0           1.0  0.15   0.27
30 cm BT dB 0.44  1.058
  0.15     32.16    312.68  -23.6   21.8   -5.4   23.2   60.7   63.3   63.8   72.6  100      -0.00
  0.17     55.60     39.64   35.5   42.8   -1.0   20.0   58.9   62.0   62.9   70.4  100       0.00
  0.19     44.67     61.36   39.2   21.4    5.6   -4.7   63.0   59.0   63.8   72.3  100       0.00
  0.21     29.04     55.75   24.0   16.3    3.2   24.1   58.1   60.8   62.6   71.4  100       0.00
  0.23     43.41     34.96   24.9   35.6   -8.7  -29.4   61.3   57.3   64.8   69.2  100       0.00
  0.25     14.05     88.67   14.0    0.3   -2.2   -6.3   57.3   60.0   63.1   71.1  100       0.00
  0.27     64.86    354.53   -6.2   64.6   -4.5   20.6   57.8   58.7   63.1   68.9  100       0.00
  0.29    -32768    -32768 -32768 -32768 -32768 -32768    255    255    255    255    0 2147483647
  0.31    -32768    -32768 -32768 -32768 -32768 -32768    255    255    255    255    0 2147483647
  0.33    -32768    -32768 -32768 -32768 -32768 -32768    255    255    255    255    0 2147483647
  0.35    -32768    -32768 -32768 -32768 -32768 -32768    255    255    255    255    0 2147483647
  0.37    -32768    -32768 -32768 -32768 -32768 -32768    255    255    255    255    0 2147483647
  0.39    -32768    -32768 -32768 -32768 -32768 -32768    255    255    255    255    0 2147483647
  0.41    -32768    -32768 -32768 -32768 -32768 -32768    255    255    255    255    0 2147483647
  0.43    -32768    -32768 -32768 -32768 -32768 -32768    255    255    255    255    0 2147483647
  0.45    -32768    -32768 -32768 -32768 -32768 -32768    255    255    255    255    0 2147483647
  0.47    -32768    -32768 -32768 -32768 -32768 -32768    255    255    255    255    0 2147483647
  0.49    -32768    -32768 -32768 -32768 -32768 -32768    255    255    255    255    0 2147483647
  0.51    -32768    -32768 -32768 -32768 -32768 -32768    255    255    255    255    0 2147483647
  0.53    -32768    -32768 -32768 -32768 -32768 -32768    255    255    255    255    0 2147483647
  0.55    -32768    -32768 -32768 -32768 -32768 -32768    255    255    255    255    0 2147483647
  0.57    -32768    -32768 -32768 -32768 -32768 -32768    255    255    255    255    0 2147483647
  0.59    -32768    -32768 -32768 -32768 -32768 -32768    255    255    255    255    0 2147483647
  0.61    -32768    -32768 -32768 -32768 -32768 -32768    255    255    255    255    0 2147483647
  0.63    -32768    -32768 -32768 -32768 -32768 -32768    255    255    255    255    0 2147483647
  0.65    -32768    -32768 -32768 -32768 -32768 -32768    255    255    255    255    0 2147483647
  0.67    -32768    -32768 -32768 -32768 -32768 -32768    255    255    255    255    0 2147483647
  0.69    -32768    -32768 -32768 -32768 -32768 -32768    255    255    255    255    0 2147483647
  0.71    -32768    -32768 -32768 -32768 -32768 -32768    255    255    255    255    0 2147483647
  0.73    -32768    -32768 -32768 -32768 -32768 -32768    255    255    255    255    0 2147483647
18 5 29 6 32 55 48   179      1    1.600    1.510  234.880   14.380 
33.27   -16.70     0.70    -1.90     0.00     0.00     0.00     0.00     0.40     0.37     0.43     0.40 
3.31        14.21        -1.14         2.72         2.95
30000.0000000 30000.0000000 -32768   -32768         0.0
0.1           0.1           0.1           0.0           0.5           0.0           1.0  0.15   0.29
30 cm BT dB 0.44  1.060
  0.15     52.14     79.23   51.2    9.7   -3.6  -12.5   59.8   61.5   64.6   70.4  100       0.00
  0.17     25.38     89.45   25.4    0.2    4.4    8.6   60.3   64.3   68.2   73.1  100       0.00
  0.19     70.40     55.04   57.7   40.3    5.4   -4.6   61.6   63.9   65.6   70.5  100       0.01
  0.21     40.84     22.79   15.8   37.7    4.9   27.1   59.5   64.8   65.2   71.0  100       0.00
  0.23     84.95     61.98   75.0   39.9    8.1    9.7   59.1   61.3   63.9   67.9  100       0.01
  0.25     39.40     54.73   32.2   22.7    9.5  -22.7   58.2   61.8   63.5   69.3  100       0.00
  0.27     34.70     39.16   21.9   26.9    2.7   11.0   58.3   59.6   62.3   69.3  100       0.00
  0.29     60.22     51.26   47.0   37.7   10.5   41.9   58.3   59.2   64.5   68.5  100       0.00
  0.31    -32768    -32768 -32768 -32768 -32768 -32768    255    255    255    255    0 2147483647
  0.33    -32768    -32768 -32768 -32768 -32768 -32768    255    255    255    255    0 2147483647
  0.35    -32768    -32768 -32768 -32768 -32768 -32768    255    255    255    255    0 2147483647
  0.37    -32768    -32768 -32768 -32768 -32768 -32768    255    255    255    255    0 2147483647
  0.39    -32768    -32768 -32768 -32768 -32768 -32768    255    255    255    255    0 2147483647
  0.41    -32768    -32768 -32768 -32768 -32768 -32768    255    255    255    255    0 2147483647
  0.43    -32768    -32768 -32768 -32768 -32768 -32768    255    255    255    255    0 2147483647
  0.45    -32768    -32768 -32768 -32768 -32768 -32768    255    255    255    255    0 2147483647
  0.47    -32768    -32768 -32768 -32768 -32768 -32768    255    255    255    255    0 2147483647
  0.49    -32768    -32768 -32768 -32768 -32768 -32768    255    255    255    255    0 2147483647
  0.51    -32768    -32768 -32768 -32768 -32768 -32768    255    255    255    255    0 2147483647
  0.53    -32768    -32768 -32768 -32768 -32768 -32768    255    255    255    255    0 2147483647
  0.55    -32768    -32768 -32768 -32768 -32768 -32768    255    255    255    255    0 2147483647
  0.57    -32768    -32768 -32768 -32768 -32768 -32768    255    255    255    255    0 2147483647
  0.59    -32768    -32768 -32768 -32768 -32768 -32768    255    255    255    255    0 2147483647
  0.61    -32768    -32768 -32768 -32768 -32768 -32768    255    255    255    255    0 2147483647
  0.63    -32768    -32768 -32768 -32768 -32768 -32768    255    255    255    255    0 2147483647
  0.65    -32768    -32768 -32768 -32768 -32768 -32768    255    255    255    255    0 2147483647
  0.67    -32768    -32768 -32768 -32768 -32768 -32768    255    255    255    255    0 2147483647
  0.69    -32768    -32768 -32768 -32768 -32768 -32768    255    255    255    255    0 2147483647
  0.71    -32768    -32768 -32768 -32768 -32768 -32768    255    255    255    255    0 2147483647
  0.73    -32768    -32768 -32768 -32768 -32768 -32768    255    255    255    255    0 2147483647
18 5 29 6 32 56 62   180      1    5.840   -2.160  231.580   14.380 
33.33   -10.96    -0.60     0.60     0.00     0.00     0.00     0.00     0.40     0.41     0.40     0.37 
3.71        15.35        -1.26         3.10         3.34
30000.0000000 30000.0000000 -32768   -32768         0.0
0.1           0.1           0.1           0.0           0.5           0.0           1.0  0.15   0.29
30 cm BT dB 0.44  1.060
  0.15     33.64    270.43  -33.6    0.3   -8.5  -12.8   62.0   62.9   63.8   70.0  100      -0.00
  0.17     76.72      4.15    5.6   76.5   -6.0    6.1   59.8   63.8   64.3   69.1  100       0.01
  0.19     25.01    306.04  -20.2   14.7    2.2  -36.3   59.0   63.9   64.3   70.5  100       0.00
  0.21     53.61      5.52    5.2   53.4    8.2   -1.4   60.4   64.8   62.1   69.2  100       0.00
  0.23     67.87     44.81   47.8   48.2  -10.9  -18.9   57.7   61.7   63.9   71.5  100       0.00
  0.25     32.91     50.01   25.2   21.1    1.1   21.2   58.7   61.3   63.1   70.2  100       0.00
  0.27     62.24     12.78   13.8   60.7    3.9   -6.0   58.7   60.9   63.6   68.5  100       0.00
  0.29     62.79     96.84   62.3   -7.5  -10.9  -40.9   56.6   60.1   64.1   68.5  100       0.00
  0.31    -32768    -32768 -32768 -32768 -32768 -32768    255    255    255    255    0 2147483647
  0.33    -32768    -32768 -32768 -32768 -32768 -32768    255    255    255    255    0 2147483647
  0.35    -32768    -32768 -32768 -32768 -32768 -32768    255    255    255    255    0 2147483647
  0.37    -32768    -32768 -32768 -32768 -32768 -32768    255    255    255    255    0 2147483647
  0.39    -32768    -32768 -32768 -32768 -32768 -32768    255    255    255    255    0 2147483647
  0.41    -32768    -32768 -32768 -32768 -32768 -32768    255    255    255    255    0 2147483647
  0.43    -32768    -32768 -32768 -32768 -32768 -32768    255    255    255    255    0 2147483647
  0.45    -32768    -32768 -32768 -32768 -32768 -32768    255    255    255    255    0 2147483647
  0.47    -32768    -32768 -32768 -32768 -32768 -32768    255    255    255    255    0 2147483647
  0.49    -32768    -32768 -32768 -32768 -32768 -32768    255    255    255    255    0 2147483647
  0.51    -32768    -32768 -32768 -32768 -32768 -32768    255    255    255    255    0 2147483647
  0.53    -32768    -32768 -32768 -32768 -32768 -32768    255    255    255    255    0 2147483647
  0.55    -32768    -32768 -32768 -32768 -32768 -32768    255    255    255    255    0 2147483647
  0.57    -32768    -32768 -32768 -32768 -32768 -32768    255    255    255    255    0 2147483647
  0.59    -32768    -32768 -32768 -32768 -32768 -32768    255    255    255    255    0 2147483647
  0.61    -32768    -32768 -32768 -32768 -32768 -32768    255    255    255    255    0 2147483647
  0.63    -32768    -32768 -32768 -32768 -32768 -32768    255    255    255    255    0 2147483647
  0.65    -32768    -32768 -32768 -32768 -32768 -32768    255    255    255    255    0 2147483647
  0.67    -32768    -32768 -32768 -32768 -32768 -32768    255    255    255    255    0 2147483647
  0.69    -32768    -32768 -32768 -32768 -32768 -32768    255    255    255    255    0 2147483647
  0.71    -32768    -32768 -32768 -32768 -32768 -32768    255    255    255    255    0 2147483647
  0.73    -32768    -32768 -32768 -32768 -32768 -32768    255    255    255    255    0 2147483647
18 5 29 6 32 57 76   181      1    2.770   -1.380  235.990   14.440 
30.12    -9.23     0.70    -1.60     0.00     0.00     0.00     0.00     0.34     0.38     0.38     0.39 
4.06        16.49        -1.37         3.44         3.70
30000.0000000 30000.0000000 -32768   -32768         0.0
0.1           0.2           0.1           0.0           0.5           0.0           1.0  0.15   0.25
30 cm BT dB 0.44  1.058
  0.15    114.60     37.68   70.1   90.7   -8.4   35.6   59.3   61.1   66.4   70.4  100       0.01
  0.17     91.50     55.99   75.8   51.2   -8.8   17.8   57.6   58.9   65.1   70.4  100       0.01
  0.19     68.19     40.16   44.0   52.1   -3.3   21.6   62.5   60.3   66.1   70.0  100       0.00
  0.21     79.23     63.75   71.1   35.0    0.4   29.0   60.8   59.9   64.3   71.9  100       0.00
  0.23     55.81     54.76   45.6   32.2   -0.7   20.0   59.5   60.8   66.6   70.6  100       0.00
  0.25     72.13     54.48   58.7   41.9    3.6    5.6   60.4   59.6   65.3   71.5  100       0.00
  0.27    -32768    -32768 -32768 -32768 -32768 -32768    255    255    255    255    0 2147483647
  0.29    -32768    -32768 -32768 -32768 -32768 -32768    255    255    255    255    0 2147483647
  0.31    -32768    -32768 -32768 -32768 -32768 -32768    255    255    255    255    0 2147483647
  0.33    -32768    -32768 -32768 -32768 -32768 -32768    255    255    255    255    0 2147483647
  0.35    -32768    -32768 -32768 -32768 -32768 -32768    255    255    255    255    0 2147483647
  0.37    -32768    -32768 -32768 -32768 -32768 -32768    255    255    255    255    0 2147483647
  0.39    -32768    -32768 -32768 -32768 -32768 -32768    255    255    255    255    0 2147483647
  0.41    -32768    -32768 -32768 -32768 -32768 -32768    255    255    255    255    0 2147483647
  0.43    -32768    -32768 -32768 -32768 -32768 -32768    255    255    255    255    0 2147483647
  0.45    -32768    -32768 -32768 -32768 -32768 -32768    255    255    255    255    0 2147483647
  0.47    -32768    -32768 -32768 -32768 -32768 -32768    255    255    255    255    0 2147483647
  0.49    -32768    -32768 -32768 -32768 -32768 -32768    255    255    255    255    0 2147483647
  0.51    -32768    -32768 -32768 -32768 -32768 -32768    255    255    255    255    0 2147483647
  0.53    -32768    -32768 -32768 -32768 -32768 -32768    255    255    255    255    0 2147483647
  0.55    -32768    -32768 -32768 -32768 -32768 -32768    255    255    255    255    0 2147483647
  0.57    -32768    -32768 -32768 -32768 -32768 -32768    255    255    255    255    0 2147483647
  0.59    -32768    -32768 -32768 -32768 -32768 -32768    255    255    255    255    0 2147483647
  0.61    -32768    -32768 -32768 -32768 -32768 -32768    255    255    255    255    0 2147483647
  0.63    -32768    -32768 -32768 -32768 -32768 -32768    255    255    255    255    0 2147483647
  0.65    -32768    -32768 -32768 -32768 -32768 -32768    255    255    255    255    0 2147483647
  0.67    -32768    -32768 -32768 -32768 -32768 -32768    255    255    255    255    0 2147483647
  0.69    -32768    -32768 -32768 -32768 -32768 -32768    255    255    255    255    0 2147483647
  0.71    -32768    -32768 -32768 -32768 -32768 -32768    255    255    255    255    0 2147483647
  0.73    -32768    -32768 -32768 -32768 -32768 -32768    255    255    255    255    0 2147483647
18 5 29 6 32 58 90   182      1    4.350    2.320  234.520   14.380 
30.95    -8.27    -1.20    -1.10     0.00     0.00     0.00     0.00     0.40     0.39     0.40     0.37 
4.43        17.63        -1.46         3.79         4.06
30000.0000000 30000.0000000 -32768   -32768         0.0
0.2           0.2           0.1           0.0           0.5           0.1           1.0  0.15   0.29
30 cm BT dB 0.44  1.060
  0.15     91.48     23.38   36.3   84.0    8.2   -9.5   62.4   62.9   64.6   72.2  100       0.01
  0.17     59.65     61.55   52.4   28.4    6.9   14.5   59.4   62.9   65.6   72.2  100       0.00
  0.19     52.57     11.60   10.6   51.5   -4.0   27.6   60.8   63.4   64.3   74.9  100       0.00
  0.21     55.37     28.37   26.3   48.7    6.8   -0.6   61.2   62.6   63.9   74.5  100       0.00
  0.23     51.84     28.80   25.0   45.4    0.9   -0.3   61.3   63.1   66.2   74.1  100       0.00
  0.25     83.27     35.45   48.3   67.8    4.7   42.9   61.8   61.8   63.5   73.7  100       0.01
  0.27     99.26     42.54   67.1   73.1    3.7    3.8   60.5   63.1   67.1   73.3  100       0.01
  0.29     89.86     52.48   71.3   54.7    8.3   48.9   61.4   62.3   65.4   71.6  100       0.01
  0.31    -32768    -32768 -32768 -32768 -32768 -32768    255    255    255    255    0 2147483647
  0.33    -32768    -32768 -32768 -32768 -32768 -32768    255    255    255    255    0 2147483647
  0.35    -32768    -32768 -32768 -32768 -32768 -32768    255    255    255    255    0 2147483647
  0.37    -32768    -32768 -32768 -32768 -32768 -32768    255    255    255    255    0 2147483647
  0.39    -32768    -32768 -32768 -32768 -32768 -32768    255    255    255    255    0 2147483647
  0.41    -32768    -32768 -32768 -32768 -32768 -32768    255    255    255    255    0 2147483647
  0.43    -32768    -32768 -32768 -32768 -32768 -32768    255    255    255    255    0 2147483647
  0.45    -32768    -32768 -32768 -32768 -32768 -32768    255    255    255    255    0 2147483647
  0.47    -32768    -32768 -32768 -32768 -32768 -32768    255    255    255    255    0 2147483647
  0.49    -32768    -32768 -32768 -32768 -32768 -32768    255    255    255    255    0 2147483647
  0.51    -32768    -32768 -32768 -32768 -32768 -32768    255    255    255    255    0 2147483647
  0.53    -32768    -32768 -32768 -32768 -32768 -32768    255    255    255    255    0 2147483647
  0.55    -32768    -32768 -32768 -32768 -32768 -32768    255    255    255    255    0 2147483647
  0.57    -32768    -32768 -32768 -32768 -32768 -32768    255    255    255    255    0 2147483647
  0.59    -32768    -32768 -32768 -32768 -32768 -32768    255    255    255    255    0 2147483647
  0.61    -32768    -32768 -32768 -32768 -32768 -32768    255    255    255    255    0 2147483647
  0.63    -32768    -32768 -32768 -32768 -32768 -32768    255    255    255    255    0 2147483647
  0.65    -32768    -32768 -32768 -32768 -32768 -32768    255    255    255    255    0 2147483647
  0.67    -32768    -32768 -32768 -32768 -32768 -32768    255    255    255    255    0 2147483647
  0.69    -32768    -32768 -32768 -32768 -32768 -32768    255    255    255    255    0 2147483647
  0.71    -32768    -32768 -32768 -32768 -32768 -32768    255    255    255    255    0 2147483647
  0.73    -32768    -32768 -32768 -32768 -32768 -32768    255    255    255    255    0 2147483647
18 5 29 6 33 0 4   183      1    0.120    3.040  235.170   14.380 
24.01   -13.50    -1.30    -2.00     0.00     0.00     0.00     0.00     0.43     0.39     0.44     0.40 
4.74        18.77        -1.62         4.07         4.38
30000.0000000 30000.0000000 -32768   -32768         0.0
0.2           0.2           0.1           0.0           0.5           0.1           1.0  0.15   0.31
30 cm BT dB 0.44  1.060
  0.15     83.14     36.80   49.8   66.6   -5.5   -2.2   60.7   62.0   67.7   72.2  100       0.01
  0.17     40.18      5.12    3.6   40.0   -2.4  -10.0   58.5   58.5   68.7   70.4  100       0.00
  0.19     57.34      1.66    1.7   57.3    3.9   14.1   57.7   60.3   67.8   70.9  100       0.00
  0.21     30.07    357.54   -1.3   30.0   -4.9   -6.3   61.7   60.4   67.0   71.4  100       0.00
  0.23     46.47     44.75   32.7   33.0   -4.3  -20.0   59.1   60.0   65.7   71.9  100       0.00
  0.25     36.98     10.28    6.6   36.4    7.9   -5.9   60.4   60.9   65.3   71.1  100       0.00
  0.27     41.98     16.55   12.0   40.2   -1.3  -25.5   58.3   62.7   64.0   71.1  100       0.00
  0.29     75.55     40.53   49.1   57.4    2.6    9.3   57.9   60.5   64.5   69.8  100       0.00
  0.31     36.50     38.12   22.5   28.7   -3.2  -29.7   58.4   60.1   65.0   69.0  100       0.00
  0.33    -32768    -32768 -32768 -32768 -32768 -32768    255    255    255    255    0 2147483647
  0.35    -32768    -32768 -32768 -32768 -32768 -32768    255    255    255    255    0 2147483647
  0.37    -32768    -32768 -32768 -32768 -32768 -32768    255    255    255    255    0 2147483647
  0.39    -32768    -32768 -32768 -32768 -32768 -32768    255    255    255    255    0 2147483647
  0.41    -32768    -32768 -32768 -32768 -32768 -32768    255    255    255    255    0 2147483647
  0.43    -32768    -32768 -32768 -32768 -32768 -32768    255    255    255    255    0 2147483647
  0.45    -32768    -32768 -32768 -32768 -32768 -32768    255    255    255    255    0 2147483647
  0.47    -32768    -32768 -32768 -32768 -32768 -32768    255    255    255    255    0 2147483647
  0.49    -32768    -32768 -32768 -32768 -32768 -32768    255    255    255    255    0 2147483647
  0.51    -32768    -32768 -32768 -32768 -32768 -32768    255    255    255    255    0 2147483647
  0.53    -32768    -32768 -32768 -32768 -32768 -32768    255    255    255    255    0 2147483647
  0.55    -32768    -32768 -32768 -32768 -32768 -32768    255    255    255    255    0 2147483647
  0.57    -32768    -32768 -32768 -32768 -32768 -32768    255    255    255    255    0 2147483647
  0.59    -32768    -32768 -32768 -32768 -32768 -32768    255    255    255    255    0 2147483647
  0.61    -32768    -32768 -32768 -32768 -32768 -32768    255    255    255    255    0 2147483647
  0.63    -32768    -32768 -32768 -32768 -32768 -32768    255    255    255    255    0 2147483647
  0.65    -32768    -32768 -32768 -32768 -32768 -32768    255    255    255    255    0 2147483647
  0.67    -32768    -32768 -32768 -32768 -32768 -32768    255    255    255    255    0 2147483647
  0.69    -32768    -32768 -32768 -32768 -32768 -32768    255    255    255    255    0 2147483647
  0.71    -32768    -32768 -32768 -32768 -32768 -32768    255    255    255    255    0 2147483647
  0.73    -32768    -32768 -32768 -32768 -32768 -32768    255    255    255    255    0 2147483647
18 5 29 6 33 1 18   184      1    2.040    2.420  241.990   14.380 
26.19   -21.98     0.10     0.60     0.00     0.00     0.00     0.00     0.42     0.42     0.43     0.40 
5.13        19.91        -1.87         4.37         4.75
30000.0000000 30000.0000000 -32768   -32768         0.0
0.2           0.3           0.1           0.0           0.5           0.1           1.0  0.15   0.31
30 cm BT dB 0.44  1.060
  0.15     94.94     37.07   57.2   75.7    0.1   -2.0   62.9   64.6   68.2   73.5  100       0.01
  0.17     69.61     41.73   46.3   51.9   -5.0  -32.3   62.9   62.9   67.3   74.0  100       0.01
  0.19     96.86     57.07   81.3   52.6   -2.9  -11.2   62.5   64.3   70.5   71.4  100       0.01
  0.21     85.40     53.23   68.4   51.1    1.5  -11.1   61.2   62.6   68.8   74.1  100       0.01
  0.23    109.86     26.10   48.3   98.7    6.8  -27.2   60.4   61.3   67.0   71.9  100       0.01
  0.25     69.74     55.57   57.5   39.4    2.9  -19.8   62.7   61.8   68.0   71.1  100       0.01
  0.27     58.15     54.08   47.1   34.1   10.2   -8.5   61.8   61.4   64.9   71.6  100       0.00
  0.29     67.88     29.56   33.5   59.0    1.9   26.8   60.5   61.9   65.4   70.7  100       0.01
  0.31     69.40     55.12   56.9   39.7    3.4    4.2   59.7   61.5   63.7   69.4  100       0.01
  0.33    -32768    -32768 -32768 -32768 -32768 -32768    255    255    255    255    0 2147483647
  0.35    -32768    -32768 -32768 -32768 -32768 -32768    255    255    255    255    0 2147483647
  0.37    -32768    -32768 -32768 -32768 -32768 -32768    255    255    255    255    0 2147483647
  0.39    -32768    -32768 -32768 -32768 -32768 -32768    255    255    255    255    0 2147483647
  0.41    -32768    -32768 -32768 -32768 -32768 -32768    255    255    255    255    0 2147483647
  0.43    -32768    -32768 -32768 -32768 -32768 -32768    255    255    255    255    0 2147483647
  0.45    -32768    -32768 -32768 -32768 -32768 -32768    255    255    255    255    0 2147483647
  0.47    -32768    -32768 -32768 -32768 -32768 -32768    255    255    255    255    0 2147483647
  0.49    -32768    -32768 -32768 -32768 -32768 -32768    255    255    255    255    0 2147483647
  0.51    -32768    -32768 -32768 -32768 -32768 -32768    255    255    255    255    0 2147483647
  0.53    -32768    -32768 -32768 -32768 -32768 -32768    255    255    255    255    0 2147483647
  0.55    -32768    -32768 -32768 -32768 -32768 -32768    255    255    255    255    0 2147483647
  0.57    -32768    -32768 -32768 -32768 -32768 -32768    255    255    255    255    0 2147483647
  0.59    -32768    -32768 -32768 -32768 -32768 -32768    255    255    255    255    0 2147483647
  0.61    -32768    -32768 -32768 -32768 -32768 -32768    255    255    255    255    0 2147483647
  0.63    -32768    -32768 -32768 -32768 -32768 -32768    255    255    255    255    0 2147483647
  0.65    -32768    -32768 -32768 -32768 -32768 -32768    255    255    255    255    0 2147483647
  0.67    -32768    -32768 -32768 -32768 -32768 -32768    255    255    255    255    0 2147483647
  0.69    -32768    -32768 -32768 -32768 -32768 -32768    255    255    255    255    0 2147483647
  0.71    -32768    -32768 -32768 -32768 -32768 -32768    255    255    255    255    0 2147483647
  0.73    -32768    -32768 -32768 -32768 -32768 -32768    255    255    255    255    0 2147483647
18 5 29 6 33 2 32   185      1    2.890    2.630  239.610   14.380 
28.72   -28.60    -0.20    -1.30     0.00     0.00     0.00     0.00     0.39     0.38     0.44     0.39 
5.60        21.05        -2.19         4.69         5.18
30000.0000000 30000.0000000 -32768   -32768         0.0
0.3           0.3           0.2           0.0           0.5           0.1           1.0  0.15   0.29
30 cm BT dB 0.44  1.060
  0.15     41.57     36.38   24.7   33.5  -15.2    7.8   61.5   61.5   69.1   72.2  100       0.00
  0.17     64.82     56.07   53.8   36.2  -20.5    5.1   62.9   62.9   68.2   73.1  100       0.01
  0.19     35.61     46.63   25.9   24.5   -4.3   -0.1   61.2   60.8   65.6   73.2  100       0.00
  0.21     50.75     37.75   31.1   40.1   -3.3    3.8   61.2   60.4   67.9   73.6  100       0.00
  0.23     42.41     58.53   36.2   22.1   -8.0  -23.5   60.4   60.4   66.6   72.8  100       0.00
  0.25     40.75     44.82   28.7   28.9   -4.2  -29.0   60.4   59.1   66.2   72.4  100       0.00
  0.27     37.84     30.00   18.9   32.8    8.3   -9.5   60.5   60.0   63.6   71.6  100       0.00
  0.29     63.37     19.41   21.1   59.8   -7.9   -6.2   57.9   61.4   63.6   69.4  100       0.01
  0.31    -32768    -32768 -32768 -32768 -32768 -32768    255    255    255    255    0 2147483647
  0.33    -32768    -32768 -32768 -32768 -32768 -32768    255    255    255    255    0 2147483647
  0.35    -32768    -32768 -32768 -32768 -32768 -32768    255    255    255    255    0 2147483647
  0.37    -32768    -32768 -32768 -32768 -32768 -32768    255    255    255    255    0 2147483647
  0.39    -32768    -32768 -32768 -32768 -32768 -32768    255    255    255    255    0 2147483647
  0.41    -32768    -32768 -32768 -32768 -32768 -32768    255    255    255    255    0 2147483647
  0.43    -32768    -32768 -32768 -32768 -32768 -32768    255    255    255    255    0 2147483647
  0.45    -32768    -32768 -32768 -32768 -32768 -32768    255    255    255    255    0 2147483647
  0.47    -32768    -32768 -32768 -32768 -32768 -32768    255    255    255    255    0 2147483647
  0.49    -32768    -32768 -32768 -32768 -32768 -32768    255    255    255    255    0 2147483647
  0.51    -32768    -32768 -32768 -32768 -32768 -32768    255    255    255    255    0 2147483647
  0.53    -32768    -32768 -32768 -32768 -32768 -32768    255    255    255    255    0 2147483647
  0.55    -32768    -32768 -32768 -32768 -32768 -32768    255    255    255    255    0 2147483647
  0.57    -32768    -32768 -32768 -32768 -32768 -32768    255    255    255    255    0 2147483647
  0.59    -32768    -32768 -32768 -32768 -32768 -32768    255    255    255    255    0 2147483647
  0.61    -32768    -32768 -32768 -32768 -32768 -32768    255    255    255    255    0 2147483647
  0.63    -32768    -32768 -32768 -32768 -32768 -32768    255    255    255    255    0 2147483647
  0.65    -32768    -32768 -32768 -32768 -32768 -32768    255    255    255    255    0 2147483647
  0.67    -32768    -32768 -32768 -32768 -32768 -32768    255    255    255    255    0 2147483647
  0.69    -32768    -32768 -32768 -32768 -32768 -32768    255    255    255    255    0 2147483647
  0.71    -32768    -32768 -32768 -32768 -32768 -32768    255    255    255    255    0 2147483647
  0.73    -32768    -32768 -32768 -32768 -32768 -32768    255    255    255    255    0 2147483647
18 5 29 6 33 3 46   186      1    3.580    4.410  237.950   14.380 
23.60   -27.70    -0.60    -0.20     0.00     0.00     0.00     0.00     0.41     0.38     0.41     0.40 
6.01        22.19        -2.51         4.96         5.56
30000.0000000 30000.0000000 -32768   -32768         0.0
0.3           0.3           0.2           0.0           0.5           0.1           1.0  0.15   0.29
30 cm BT dB 0.44  1.060
  0.15     51.52     41.84   34.4   38.4    0.7   -5.3   60.7   63.8   66.9   70.4  100       0.00
  0.17     53.82     13.78   12.8   52.3   -1.4   24.1   58.9   64.7   67.8   73.5  100       0.00
  0.19     42.98     30.97   22.1   36.9  -20.0   32.5   60.3   64.7   66.5   71.8  100       0.00
  0.21     26.61    329.24  -13.6   22.9    1.4   17.3   59.5   62.1   65.7   73.2  100       0.00
  0.23     45.24     67.62   41.8   17.2    0.1    7.7   60.4   63.5   60.8   72.8  100       0.00
  0.25     90.15     16.05   24.9   86.6   -4.1   31.9   60.4   62.7   62.7   72.0  100       0.01
  0.27     56.46     55.41   46.5   32.0   -8.8  -17.1   58.3   60.9   63.6   71.1  100       0.00
  0.29     35.22     74.28   33.9    9.5   -5.9  -11.1   60.1   60.1   62.8   68.9  100       0.00
  0.31    -32768    -32768 -32768 -32768 -32768 -32768    255    255    255    255    0 2147483647
  0.33    -32768    -32768 -32768 -32768 -32768 -32768    255    255    255    255    0 2147483647
  0.35    -32768    -32768 -32768 -32768 -32768 -32768    255    255    255    255    0 2147483647
  0.37    -32768    -32768 -32768 -32768 -32768 -32768    255    255    255    255    0 2147483647
  0.39    -32768    -32768 -32768 -32768 -32768 -32768    255    255    255    255    0 2147483647
  0.41    -32768    -32768 -32768 -32768 -32768 -32768    255    255    255    255    0 2147483647
  0.43    -32768    -32768 -32768 -32768 -32768 -32768    255    255    255    255    0 2147483647
  0.45    -32768    -32768 -32768 -32768 -32768 -32768    255    255    255    255    0 2147483647
  0.47    -32768    -32768 -32768 -32768 -32768 -32768    255    255    255    255    0 2147483647
  0.49    -32768    -32768 -32768 -32768 -32768 -32768    255    255    255    255    0 2147483647
  0.51    -32768    -32768 -32768 -32768 -32768 -32768    255    255    255    255    0 2147483647
  0.53    -32768    -32768 -32768 -32768 -32768 -32768    255    255    255    255    0 2147483647
  0.55    -32768    -32768 -32768 -32768 -32768 -32768    255    255    255    255    0 2147483647
  0.57    -32768    -32768 -32768 -32768 -32768 -32768    255    255    255    255    0 2147483647
  0.59    -32768    -32768 -32768 -32768 -32768 -32768    255    255    255    255    0 2147483647
  0.61    -32768    -32768 -32768 -32768 -32768 -32768    255    255    255    255    0 2147483647
  0.63    -32768    -32768 -32768 -32768 -32768 -32768    255    255    255    255    0 2147483647
  0.65    -32768    -32768 -32768 -32768 -32768 -32768    255    255    255    255    0 2147483647
  0.67    -32768    -32768 -32768 -32768 -32768 -32768    255    255    255    255    0 2147483647
  0.69    -32768    -32768 -32768 -32768 -32768 -32768    255    255    255    255    0 2147483647
  0.71    -32768    -32768 -32768 -32768 -32768 -32768    255    255    255    255    0 2147483647
  0.73    -32768    -32768 -32768 -32768 -32768 -32768    255    255    255    255    0 2147483647
18 5 29 6 33 4 60   187      1    2.420    2.280  246.350   14.380 
18.88   -30.16    -2.00    -0.80     0.00     0.00     0.00     0.00     0.38     0.40     0.42     0.40 
6.42        23.33        -2.85         5.18         5.91
30000.0000000 30000.0000000 -32768   -32768         0.0
0.3           0.4           0.2           0.0           0.5           0.1           1.0  0.15   0.29
30 cm BT dB 0.44  1.060
  0.15     75.14     28.21   35.5   66.2   -6.4  -34.6   58.4   61.5   64.6   71.3  100       0.01
  0.17     69.24     52.39   54.9   42.3   -2.1    8.4   62.0   61.2   65.1   70.9  100       0.01
  0.19     90.74     28.96   43.9   79.4    0.2   23.9   62.1   63.0   66.1   73.2  100       0.01
  0.21     33.51     70.97   31.7   10.9   -1.2   12.6   59.9   60.4   66.6   70.5  100       0.00
  0.23     33.95     76.70   33.0    7.8   -1.8   12.0   59.5   63.1   68.8   71.0  100       0.00
  0.25     40.47    359.18   -0.6   40.5   -8.7   -7.4   55.1   60.9   66.6   72.8  100       0.00
  0.27     49.22     64.60   44.5   21.1   -7.0    9.4   56.9   60.5   65.8   69.8  100       0.00
  0.29     37.62      4.41    2.9   37.5    0.6   -7.6   56.6   57.4   64.1   69.8  100       0.00
  0.31    -32768    -32768 -32768 -32768 -32768 -32768    255    255    255    255    0 2147483647
  0.33    -32768    -32768 -32768 -32768 -32768 -32768    255    255    255    255    0 2147483647
  0.35    -32768    -32768 -32768 -32768 -32768 -32768    255    255    255    255    0 2147483647
  0.37    -32768    -32768 -32768 -32768 -32768 -32768    255    255    255    255    0 2147483647
  0.39    -32768    -32768 -32768 -32768 -32768 -32768    255    255    255    255    0 2147483647
  0.41    -32768    -32768 -32768 -32768 -32768 -32768    255    255    255    255    0 2147483647
  0.43    -32768    -32768 -32768 -32768 -32768 -32768    255    255    255    255    0 2147483647
  0.45    -32768    -32768 -32768 -32768 -32768 -32768    255    255    255    255    0 2147483647
  0.47    -32768    -32768 -32768 -32768 -32768 -32768    255    255    255    255    0 2147483647
  0.49    -32768    -32768 -32768 -32768 -32768 -32768    255    255    255    255    0 2147483647
  0.51    -32768    -32768 -32768 -32768 -32768 -32768    255    255    255    255    0 2147483647
  0.53    -32768    -32768 -32768 -32768 -32768 -32768    255    255    255    255    0 2147483647
  0.55    -32768    -32768 -32768 -32768 -32768 -32768    255    255    255    255    0 2147483647
  0.57    -32768    -32768 -32768 -32768 -32768 -32768    255    255    255    255    0 2147483647
  0.59    -32768    -32768 -32768 -32768 -32768 -32768    255    255    255    255    0 2147483647
  0.61    -32768    -32768 -32768 -32768 -32768 -32768    255    255    255    255    0 2147483647
  0.63    -32768    -32768 -32768 -32768 -32768 -32768    255    255    255    255    0 2147483647
  0.65    -32768    -32768 -32768 -32768 -32768 -32768    255    255    255    255    0 2147483647
  0.67    -32768    -32768 -32768 -32768 -32768 -32768    255    255    255    255    0 2147483647
  0.69    -32768    -32768 -32768 -32768 -32768 -32768    255    255    255    255    0 2147483647
  0.71    -32768    -32768 -32768 -32768 -32768 -32768    255    255    255    255    0 2147483647
  0.73    -32768    -32768 -32768 -32768 -32768 -32768    255    255    255    255    0 2147483647
18 5 29 6 33 5 74   188      1    2.520    1.810  240.670   14.380 
18.49   -28.61     2.00    -3.90     0.00     0.00     0.00     0.00     0.35     0.36     0.36     0.35 
6.80        24.47        -3.18         5.39         6.26
30000.0000000 30000.0000000 -32768   -32768         0.0
0.4           0.4           0.2           0.0           0.5           0.1           1.0  0.15   0.27
30 cm BT dB 0.44  1.060
  0.15     63.37     68.38   58.9   23.4    0.8   42.4   57.6   59.3   61.5   70.0  100       0.00
  0.17     51.60    100.72   50.7   -9.6    2.6   13.6   59.8   61.2   65.6   72.7  100       0.00
  0.19     32.56     33.24   17.8   27.2    0.3   -4.4   59.4   60.8   63.0   69.2  100       0.00
  0.21     50.62     36.28   30.0   40.8   -0.5   52.2   58.6   63.0   63.0   70.5  100       0.00
  0.23     31.80     29.83   15.8   27.6   13.3  -28.1   59.1   61.3   64.4   70.6  100       0.00
  0.25     45.12     67.54   41.7   17.2  -12.1   13.6   60.4   62.2   66.2   69.7  100       0.00
  0.27     36.91     10.61    6.8   36.3    1.0    5.7   56.9   61.8   63.1   69.3   50       0.00
  0.29    -32768    -32768 -32768 -32768 -32768 -32768    255    255    255    255    0 2147483647
  0.31    -32768    -32768 -32768 -32768 -32768 -32768    255    255    255    255    0 2147483647
  0.33    -32768    -32768 -32768 -32768 -32768 -32768    255    255    255    255    0 2147483647
  0.35    -32768    -32768 -32768 -32768 -32768 -32768    255    255    255    255    0 2147483647
  0.37    -32768    -32768 -32768 -32768 -32768 -32768    255    255    255    255    0 2147483647
  0.39    -32768    -32768 -32768 -32768 -32768 -32768    255    255    255    255    0 2147483647
  0.41    -32768    -32768 -32768 -32768 -32768 -32768    255    255    255    255    0 2147483647
  0.43    -32768    -32768 -32768 -32768 -32768 -32768    255    255    255    255    0 2147483647
  0.45    -32768    -32768 -32768 -32768 -32768 -32768    255    255    255    255    0 2147483647
  0.47    -32768    -32768 -32768 -32768 -32768 -32768    255    255    255    255    0 2147483647
  0.49    -32768    -32768 -32768 -32768 -32768 -32768    255    255    255    255    0 2147483647
  0.51    -32768    -32768 -32768 -32768 -32768 -32768    255    255    255    255    0 2147483647
  0.53    -32768    -32768 -32768 -32768 -32768 -32768    255    255    255    255    0 2147483647
  0.55    -32768    -32768 -32768 -32768 -32768 -32768    255    255    255    255    0 2147483647
  0.57    -32768    -32768 -32768 -32768 -32768 -32768    255    255    255    255    0 2147483647
  0.59    -32768    -32768 -32768 -32768 -32768 -32768    255    255    255    255    0 2147483647
  0.61    -32768    -32768 -32768 -32768 -32768 -32768    255    255    255    255    0 2147483647
  0.63    -32768    -32768 -32768 -32768 -32768 -32768    255    255    255    255    0 2147483647
  0.65    -32768    -32768 -32768 -32768 -32768 -32768    255    255    255    255    0 2147483647
  0.67    -32768    -32768 -32768 -32768 -32768 -32768    255    255    255    255    0 2147483647
  0.69    -32768    -32768 -32768 -32768 -32768 -32768    255    255    255    255    0 2147483647
  0.71    -32768    -32768 -32768 -32768 -32768 -32768    255    255    255    255    0 2147483647
  0.73    -32768    -32768 -32768 -32768 -32768 -32768    255    255    255    255    0 2147483647
18 5 29 6 33 6 89   189      1    5.760    3.990  258.800   14.380 
4.23   -15.68    -0.20     2.30     0.00     0.00     0.00     0.00     0.30     0.35     0.36     0.32 
6.99        25.62        -3.36         5.44         6.39
30000.0000000 30000.0000000 -32768   -32768         0.0
0.4           0.4           0.2           0.0           0.5           0.1           1.0  0.15   0.21
30 cm BT dB 0.44  1.060
  0.15      5.15     60.72    4.5    2.5    2.2   28.1   60.2   60.2   63.3   69.1  100       0.00
  0.17     45.40     78.67   44.5    8.9    8.2   -7.7   58.5   60.7   62.0   72.2  100       0.00
  0.19     45.29    338.76  -16.4   42.2   13.7   -1.1   60.8   60.3   65.2   69.6  100      -0.00
  0.21     58.11     26.95   26.3   51.8   -2.6   -3.1   57.7   61.7   61.2   72.8  100       0.00
  0.23    -32768    -32768 -32768 -32768 -32768 -32768    255    255    255    255    0 2147483647
  0.25    -32768    -32768 -32768 -32768 -32768 -32768    255    255    255    255    0 2147483647
  0.27    -32768    -32768 -32768 -32768 -32768 -32768    255    255    255    255    0 2147483647
  0.29    -32768    -32768 -32768 -32768 -32768 -32768    255    255    255    255    0 2147483647
  0.31    -32768    -32768 -32768 -32768 -32768 -32768    255    255    255    255    0 2147483647
  0.33    -32768    -32768 -32768 -32768 -32768 -32768    255    255    255    255    0 2147483647
  0.35    -32768    -32768 -32768 -32768 -32768 -32768    255    255    255    255    0 2147483647
  0.37    -32768    -32768 -32768 -32768 -32768 -32768    255    255    255    255    0 2147483647
  0.39    -32768    -32768 -32768 -32768 -32768 -32768    255    255    255    255    0 2147483647
  0.41    -32768    -32768 -32768 -32768 -32768 -32768    255    255    255    255    0 2147483647
  0.43    -32768    -32768 -32768 -32768 -32768 -32768    255    255    255    255    0 2147483647
  0.45    -32768    -32768 -32768 -32768 -32768 -32768    255    255    255    255    0 2147483647
  0.47    -32768    -32768 -32768 -32768 -32768 -32768    255    255    255    255    0 2147483647
  0.49    -32768    -32768 -32768 -32768 -32768 -32768    255    255    255    255    0 2147483647
  0.51    -32768    -32768 -32768 -32768 -32768 -32768    255    255    255    255    0 2147483647
  0.53    -32768    -32768 -32768 -32768 -32768 -32768    255    255    255    255    0 2147483647
  0.55    -32768    -32768 -32768 -32768 -32768 -32768    255    255    255    255    0 2147483647
  0.57    -32768    -32768 -32768 -32768 -32768 -32768    255    255    255    255    0 2147483647
  0.59    -32768    -32768 -32768 -32768 -32768 -32768    255    255    255    255    0 2147483647
  0.61    -32768    -32768 -32768 -32768 -32768 -32768    255    255    255    255    0 2147483647
  0.63    -32768    -32768 -32768 -32768 -32768 -32768    255    255    255    255    0 2147483647
  0.65    -32768    -32768 -32768 -32768 -32768 -32768    255    255    255    255    0 2147483647
  0.67    -32768    -32768 -32768 -32768 -32768 -32768    255    255    255    255    0 2147483647
  0.69    -32768    -32768 -32768 -32768 -32768 -32768    255    255    255    255    0 2147483647
  0.71    -32768    -32768 -32768 -32768 -32768 -32768    255    255    255    255    0 2147483647
  0.73    -32768    -32768 -32768 -32768 -32768 -32768    255    255    255    255    0 2147483647
18 5 29 6 33 8 7   190      1    0.850    3.070  254.950   14.380 
6.86   -23.21    -1.50    -0.90     0.00     0.00     0.00     0.00     0.30     0.30     0.31     0.27 
7.28        26.80        -3.63         5.52         6.61
30000.0000000 30000.0000000 -32768   -32768         0.0
0.4           0.4           0.2           0.0           0.5           0.1           1.0  0.15   0.19
30 cm BT dB 0.44  1.060
  0.15     33.74     89.89   33.7    0.1   -4.9  -24.1   59.3   62.4   67.3   71.3  100       0.00
  0.17     20.45     88.24   20.4    0.6   -3.9   -7.4   58.1   63.4   64.7   72.2  100       0.00
  0.19     28.52     22.54   10.9   26.3    6.2   -5.7   58.1   59.9   66.5   71.4  100       0.00
  0.21    -32768    -32768 -32768 -32768 -32768 -32768    255    255    255    255    0 2147483647
  0.23    -32768    -32768 -32768 -32768 -32768 -32768    255    255    255    255    0 2147483647
  0.25    -32768    -32768 -32768 -32768 -32768 -32768    255    255    255    255    0 2147483647
  0.27    -32768    -32768 -32768 -32768 -32768 -32768    255    255    255    255    0 2147483647
  0.29    -32768    -32768 -32768 -32768 -32768 -32768    255    255    255    255    0 2147483647
  0.31    -32768    -32768 -32768 -32768 -32768 -32768    255    255    255    255    0 2147483647
  0.33    -32768    -32768 -32768 -32768 -32768 -32768    255    255    255    255    0 2147483647
  0.35    -32768    -32768 -32768 -32768 -32768 -32768    255    255    255    255    0 2147483647
  0.37    -32768    -32768 -32768 -32768 -32768 -32768    255    255    255    255    0 2147483647
  0.39    -32768    -32768 -32768 -32768 -32768 -32768    255    255    255    255    0 2147483647
  0.41    -32768    -32768 -32768 -32768 -32768 -32768    255    255    255    255    0 2147483647
  0.43    -32768    -32768 -32768 -32768 -32768 -32768    255    255    255    255    0 2147483647
  0.45    -32768    -32768 -32768 -32768 -32768 -32768    255    255    255    255    0 2147483647
  0.47    -32768    -32768 -32768 -32768 -32768 -32768    255    255    255    255    0 2147483647
  0.49    -32768    -32768 -32768 -32768 -32768 -32768    255    255    255    255    0 2147483647
  0.51    -32768    -32768 -32768 -32768 -32768 -32768    255    255    255    255    0 2147483647
  0.53    -32768    -32768 -32768 -32768 -32768 -32768    255    255    255    255    0 2147483647
  0.55    -32768    -32768 -32768 -32768 -32768 -32768    255    255    255    255    0 2147483647
  0.57    -32768    -32768 -32768 -32768 -32768 -32768    255    255    255    255    0 2147483647
  0.59    -32768    -32768 -32768 -32768 -32768 -32768    255    255    255    255    0 2147483647
  0.61    -32768    -32768 -32768 -32768 -32768 -32768    255    255    255    255    0 2147483647
  0.63    -32768    -32768 -32768 -32768 -32768 -32768    255    255    255    255    0 2147483647
  0.65    -32768    -32768 -32768 -32768 -32768 -32768    255    255    255    255    0 2147483647
  0.67    -32768    -32768 -32768 -32768 -32768 -32768    255    255    255    255    0 2147483647
  0.69    -32768    -32768 -32768 -32768 -32768 -32768    255    255    255    255    0 2147483647
  0.71    -32768    -32768 -32768 -32768 -32768 -32768    255    255    255    255    0 2147483647
  0.73    -32768    -32768 -32768 -32768 -32768 -32768    255    255    255    255    0 2147483647
18 5 29 6 33 9 28   191      1    2.920    2.790  248.170   14.380 
10.80   -23.47    -1.30    -2.40     0.00     0.00     0.00     0.00     0.28     0.28     0.29     0.27 
7.59        28.01        -3.92         5.65         6.87
30000.0000000 30000.0000000 -32768   -32768         0.0
0.4           0.4           0.2           0.0           0.5           0.1           1.0  0.15   0.19
30 cm BT dB 0.44  1.060
  0.15     30.42     47.17   22.3   20.7    3.1  -16.6   55.8   58.9   62.0   70.8  100       0.00
  0.17      5.30     57.28    4.5    2.9    5.3   37.4   55.0   60.3   65.1   71.3  100       0.00
  0.19     14.17    325.11   -8.1   11.6   -7.6    2.8   54.6   60.3   64.7   70.5  100      -0.00
  0.21    -32768    -32768 -32768 -32768 -32768 -32768    255    255    255    255    0 2147483647
  0.23    -32768    -32768 -32768 -32768 -32768 -32768    255    255    255    255    0 2147483647
  0.25    -32768    -32768 -32768 -32768 -32768 -32768    255    255    255    255    0 2147483647
  0.27    -32768    -32768 -32768 -32768 -32768 -32768    255    255    255    255    0 2147483647
  0.29    -32768    -32768 -32768 -32768 -32768 -32768    255    255    255    255    0 2147483647
  0.31    -32768    -32768 -32768 -32768 -32768 -32768    255    255    255    255    0 2147483647
  0.33    -32768    -32768 -32768 -32768 -32768 -32768    255    255    255    255    0 2147483647
  0.35    -32768    -32768 -32768 -32768 -32768 -32768    255    255    255    255    0 2147483647
  0.37    -32768    -32768 -32768 -32768 -32768 -32768    255    255    255    255    0 2147483647
  0.39    -32768    -32768 -32768 -32768 -32768 -32768    255    255    255    255    0 2147483647
  0.41    -32768    -32768 -32768 -32768 -32768 -32768    255    255    255    255    0 2147483647
  0.43    -32768    -32768 -32768 -32768 -32768 -32768    255    255    255    255    0 2147483647
  0.45    -32768    -32768 -32768 -32768 -32768 -32768    255    255    255    255    0 2147483647
  0.47    -32768    -32768 -32768 -32768 -32768 -32768    255    255    255    255    0 2147483647
  0.49    -32768    -32768 -32768 -32768 -32768 -32768    255    255    255    255    0 2147483647
  0.51    -32768    -32768 -32768 -32768 -32768 -32768    255    255    255    255    0 2147483647
  0.53    -32768    -32768 -32768 -32768 -32768 -32768    255    255    255    255    0 2147483647
  0.55    -32768    -32768 -32768 -32768 -32768 -32768    255    255    255    255    0 2147483647
  0.57    -32768    -32768 -32768 -32768 -32768 -32768    255    255    255    255    0 2147483647
  0.59    -32768    -32768 -32768 -32768 -32768 -32768    255    255    255    255    0 2147483647
  0.61    -32768    -32768 -32768 -32768 -32768 -32768    255    255    255    255    0 2147483647
  0.63    -32768    -32768 -32768 -32768 -32768 -32768    255    255    255    255    0 2147483647
  0.65    -32768    -32768 -32768 -32768 -32768 -32768    255    255    255    255    0 2147483647
  0.67    -32768    -32768 -32768 -32768 -32768 -32768    255    255    255    255    0 2147483647
  0.69    -32768    -32768 -32768 -32768 -32768 -32768    255    255    255    255    0 2147483647
  0.71    -32768    -32768 -32768 -32768 -32768 -32768    255    255    255    255    0 2147483647
  0.73    -32768    -32768 -32768 -32768 -32768 -32768    255    255    255    255    0 2147483647
18 5 29 6 33 10 50   192      1    2.310    2.270  243.850   14.380 
12.71   -22.95    -0.40    -0.70     0.00     0.00     0.00     0.00     0.23     0.25     0.26     0.23 
7.91        29.23        -4.20         5.80         7.16
30000.0000000 30000.0000000 -32768   -32768         0.0
0.4           0.4           0.2           0.0           0.5           0.0           1.0  0.15   0.15
30 cm BT dB 0.44  1.060
  0.15     30.53    124.85   25.1  -17.4   -9.7  -34.5   58.0   60.7   62.0   72.2  100       0.00
  0.17    -32768    -32768 -32768 -32768 -32768 -32768    255    255    255    255    0 2147483647
  0.19    -32768    -32768 -32768 -32768 -32768 -32768    255    255    255    255    0 2147483647
  0.21    -32768    -32768 -32768 -32768 -32768 -32768    255    255    255    255    0 2147483647
  0.23    -32768    -32768 -32768 -32768 -32768 -32768    255    255    255    255    0 2147483647
  0.25    -32768    -32768 -32768 -32768 -32768 -32768    255    255    255    255    0 2147483647
  0.27    -32768    -32768 -32768 -32768 -32768 -32768    255    255    255    255    0 2147483647
  0.29    -32768    -32768 -32768 -32768 -32768 -32768    255    255    255    255    0 2147483647
  0.31    -32768    -32768 -32768 -32768 -32768 -32768    255    255    255    255    0 2147483647
  0.33    -32768    -32768 -32768 -32768 -32768 -32768    255    255    255    255    0 2147483647
  0.35    -32768    -32768 -32768 -32768 -32768 -32768    255    255    255    255    0 2147483647
  0.37    -32768    -32768 -32768 -32768 -32768 -32768    255    255    255    255    0 2147483647
  0.39    -32768    -32768 -32768 -32768 -32768 -32768    255    255    255    255    0 2147483647
  0.41    -32768    -32768 -32768 -32768 -32768 -32768    255    255    255    255    0 2147483647
  0.43    -32768    -32768 -32768 -32768 -32768 -32768    255    255    255    255    0 2147483647
  0.45    -32768    -32768 -32768 -32768 -32768 -32768    255    255    255    255    0 2147483647
  0.47    -32768    -32768 -32768 -32768 -32768 -32768    255    255    255    255    0 2147483647
  0.49    -32768    -32768 -32768 -32768 -32768 -32768    255    255    255    255    0 2147483647
  0.51    -32768    -32768 -32768 -32768 -32768 -32768    255    255    255    255    0 2147483647
  0.53    -32768    -32768 -32768 -32768 -32768 -32768    255    255    255    255    0 2147483647
  0.55    -32768    -32768 -32768 -32768 -32768 -32768    255    255    255    255    0 2147483647
  0.57    -32768    -32768 -32768 -32768 -32768 -32768    255    255    255    255    0 2147483647
  0.59    -32768    -32768 -32768 -32768 -32768 -32768    255    255    255    255    0 2147483647
  0.61    -32768    -32768 -32768 -32768 -32768 -32768    255    255    255    255    0 2147483647
  0.63    -32768    -32768 -32768 -32768 -32768 -32768    255    255    255    255    0 2147483647
  0.65    -32768    -32768 -32768 -32768 -32768 -32768    255    255    255    255    0 2147483647
  0.67    -32768    -32768 -32768 -32768 -32768 -32768    255    255    255    255    0 2147483647
  0.69    -32768    -32768 -32768 -32768 -32768 -32768    255    255    255    255    0 2147483647
  0.71    -32768    -32768 -32768 -32768 -32768 -32768    255    255    255    255    0 2147483647
  0.73    -32768    -32768 -32768 -32768 -32768 -32768    255    255    255    255    0 2147483647
18 5 29 6 33 11 72   193      1    0.480    1.890  239.470   14.310 
9.06   -20.08     0.60    -1.20     0.00     0.00     0.00     0.00     0.20     0.21     0.21     0.19 
8.18        30.45        -4.44         5.91         7.40
30000.0000000 30000.0000000 -32768   -32768         0.0
0.4           0.4           0.2           0.0           0.5           0.0           1.0  0.00   0.00
30 cm BT dB 0.44  1.063
  0.15    -32768    -32768 -32768 -32768 -32768 -32768    255    255    255    255    0 2147483647
  0.17    -32768    -32768 -32768 -32768 -32768 -32768    255    255    255    255    0 2147483647
  0.19    -32768    -32768 -32768 -32768 -32768 -32768    255    255    255    255    0 2147483647
  0.21    -32768    -32768 -32768 -32768 -32768 -32768    255    255    255    255    0 2147483647
  0.23    -32768    -32768 -32768 -32768 -32768 -32768    255    255    255    255    0 2147483647
  0.25    -32768    -32768 -32768 -32768 -32768 -32768    255    255    255    255    0 2147483647
  0.27    -32768    -32768 -32768 -32768 -32768 -32768    255    255    255    255    0 2147483647
  0.29    -32768    -32768 -32768 -32768 -32768 -32768    255    255    255    255    0 2147483647
  0.31    -32768    -32768 -32768 -32768 -32768 -32768    255    255    255    255    0 2147483647
  0.33    -32768    -32768 -32768 -32768 -32768 -32768    255    255    255    255    0 2147483647
  0.35    -32768    -32768 -32768 -32768 -32768 -32768    255    255    255    255    0 2147483647
  0.37    -32768    -32768 -32768 -32768 -32768 -32768    255    255    255    255    0 2147483647
  0.39    -32768    -32768 -32768 -32768 -32768 -32768    255    255    255    255    0 2147483647
  0.41    -32768    -32768 -32768 -32768 -32768 -32768    255    255    255    255    0 2147483647
  0.43    -32768    -32768 -32768 -32768 -32768 -32768    255    255    255    255    0 2147483647
  0.45    -32768    -32768 -32768 -32768 -32768 -32768    255    255    255    255    0 2147483647
  0.47    -32768    -32768 -32768 -32768 -32768 -32768    255    255    255    255    0 2147483647
  0.49    -32768    -32768 -32768 -32768 -32768 -32768    255    255    255    255    0 2147483647
  0.51    -32768    -32768 -32768 -32768 -32768 -32768    255    255    255    255    0 2147483647
  0.53    -32768    -32768 -32768 -32768 -32768 -32768    255    255    255    255    0 2147483647
  0.55    -32768    -32768 -32768 -32768 -32768 -32768    255    255    255    255    0 2147483647
  0.57    -32768    -32768 -32768 -32768 -32768 -32768    255    255    255    255    0 2147483647
  0.59    -32768    -32768 -32768 -32768 -32768 -32768    255    255    255    255    0 2147483647
  0.61    -32768    -32768 -32768 -32768 -32768 -32768    255    255    255    255    0 2147483647
  0.63    -32768    -32768 -32768 -32768 -32768 -32768    255    255    255    255    0 2147483647
  0.65    -32768    -32768 -32768 -32768 -32768 -32768    255    255    255    255    0 2147483647
  0.67    -32768    -32768 -32768 -32768 -32768 -32768    255    255    255    255    0 2147483647
  0.69    -32768    -32768 -32768 -32768 -32768 -32768    255    255    255    255    0 2147483647
  0.71    -32768    -32768 -32768 -32768 -32768 -32768    255    255    255    255    0 2147483647
  0.73    -32768    -32768 -32768 -32768 -32768 -32768    255    255    255    255    0 2147483647
18 5 29 6 33 12 94   194      1    1.330    1.470  250.890   14.310 
-1.58    -8.27     0.40     1.50     0.00     0.00     0.00     0.00     0.19     0.19     0.21     0.18 
8.28        31.67        -4.54         5.89         7.44
30000.0000000 30000.0000000 -32768   -32768         0.0
0.4           0.4           0.2           0.0           0.5           0.0           1.0  0.00   0.00
30 cm BT dB 0.44  1.063
  0.15    -32768    -32768 -32768 -32768 -32768 -32768    255    255    255    255    0 2147483647
  0.17    -32768    -32768 -32768 -32768 -32768 -32768    255    255    255    255    0 2147483647
  0.19    -32768    -32768 -32768 -32768 -32768 -32768    255    255    255    255    0 2147483647
  0.21    -32768    -32768 -32768 -32768 -32768 -32768    255    255    255    255    0 2147483647
  0.23    -32768    -32768 -32768 -32768 -32768 -32768    255    255    255    255    0 2147483647
  0.25    -32768    -32768 -32768 -32768 -32768 -32768    255    255    255    255    0 2147483647
  0.27    -32768    -32768 -32768 -32768 -32768 -32768    255    255    255    255    0 2147483647
  0.29    -32768    -32768 -32768 -32768 -32768 -32768    255    255    255    255    0 2147483647
  0.31    -32768    -32768 -32768 -32768 -32768 -32768    255    255    255    255    0 2147483647
  0.33    -32768    -32768 -32768 -32768 -32768 -32768    255    255    255    255    0 2147483647
  0.35    -32768    -32768 -32768 -32768 -32768 -32768    255    255    255    255    0 2147483647
  0.37    -32768    -32768 -32768 -32768 -32768 -32768    255    255    255    255    0 2147483647
  0.39    -32768    -32768 -32768 -32768 -32768 -32768    255    255    255    255    0 2147483647
  0.41    -32768    -32768 -32768 -32768 -32768 -32768    255    255    255    255    0 2147483647
  0.43    -32768    -32768 -32768 -32768 -32768 -32768    255    255    255    255    0 2147483647
  0.45    -32768    -32768 -32768 -32768 -32768 -32768    255    255    255    255    0 2147483647
  0.47    -32768    -32768 -32768 -32768 -32768 -32768    255    255    255    255    0 2147483647
  0.49    -32768    -32768 -32768 -32768 -32768 -32768    255    255    255    255    0 2147483647
  0.51    -32768    -32768 -32768 -32768 -32768 -32768    255    255    255    255    0 2147483647
  0.53    -32768    -32768 -32768 -32768 -32768 -32768    255    255    255    255    0 2147483647
  0.55    -32768    -32768 -32768 -32768 -32768 -32768    255    255    255    255    0 2147483647
  0.57    -32768    -32768 -32768 -32768 -32768 -32768    255    255    255    255    0 2147483647
  0.59    -32768    -32768 -32768 -32768 -32768 -32768    255    255    255    255    0 2147483647
  0.61    -32768    -32768 -32768 -32768 -32768 -32768    255    255    255    255    0 2147483647
  0.63    -32768    -32768 -32768 -32768 -32768 -32768    255    255    255    255    0 2147483647
  0.65    -32768    -32768 -32768 -32768 -32768 -32768    255    255    255    255    0 2147483647
  0.67    -32768    -32768 -32768 -32768 -32768 -32768    255    255    255    255    0 2147483647
  0.69    -32768    -32768 -32768 -32768 -32768 -32768    255    255    255    255    0 2147483647
  0.71    -32768    -32768 -32768 -32768 -32768 -32768    255    255    255    255    0 2147483647
  0.73    -32768    -32768 -32768 -32768 -32768 -32768    255    255    255    255    0 2147483647
