

     2      5      4     30      6      1     12 
18 5 29 6 32 1 5   133      1    2.890   -0.030  268.710   14.560 
4.24    -1.61     0.20    -1.00     0.00     0.00     0.00     0.00     0.20     0.20     0.21     0.18 
0.00         0.00         0.00         0.00         0.00
30000.0000000 30000.0000000 -32768   -32768         0.0
0.0           0.0           0.0           0.0           1.0           0.0           0.5  0.00   0.00
30 cm BT dB 0.44  1.054
  0.15    -32768    -32768 -32768 -32768 -32768 -32768    255    255    255    255    0 2147483647
  0.17    -32768    -32768 -32768 -32768 -32768 -32768    255    255    255    255    0 2147483647
  0.19    -32768    -32768 -32768 -32768 -32768 -32768    255    255    255    255    0 2147483647
  0.21    -32768    -32768 -32768 -32768 -32768 -32768    255    255    255    255    0 2147483647
  0.23    -32768    -32768 -32768 -32768 -32768 -32768    255    255    255    255    0 2147483647
  0.25    -32768    -32768 -32768 -32768 -32768 -32768    255    255    255    255    0 2147483647
  0.27    -32768    -32768 -32768 -32768 -32768 -32768    255    255    255    255    0 2147483647
  0.29    -32768    -32768 -32768 -32768 -32768 -32768    255    255    255    255    0 2147483647
  0.31    -32768    -32768 -32768 -32768 -32768 -32768    255    255    255    255    0 2147483647
  0.33    -32768    -32768 -32768 -32768 -32768 -32768    255    255    255    255    0 2147483647
  0.35    -32768    -32768 -32768 -32768 -32768 -32768    255    255    255    255    0 2147483647
  0.37    -32768    -32768 -32768 -32768 -32768 -32768    255    255    255    255    0 2147483647
  0.39    -32768    -32768 -32768 -32768 -32768 -32768    255    255    255    255    0 2147483647
  0.41    -32768    -32768 -32768 -32768 -32768 -32768    255    255    255    255    0 2147483647
  0.43    -32768    -32768 -32768 -32768 -32768 -32768    255    255    255    255    0 2147483647
  0.45    -32768    -32768 -32768 -32768 -32768 -32768    255    255    255    255    0 2147483647
  0.47    -32768    -32768 -32768 -32768 -32768 -32768    255    255    255    255    0 2147483647
  0.49    -32768    -32768 -32768 -32768 -32768 -32768    255    255    255    255    0 2147483647
  0.51    -32768    -32768 -32768 -32768 -32768 -32768    255    255    255    255    0 2147483647
  0.53    -32768    -32768 -32768 -32768 -32768 -32768    255    255    255    255    0 2147483647
  0.55    -32768    -32768 -32768 -32768 -32768 -32768    255    255    255    255    0 2147483647
  0.57    -32768    -32768 -32768 -32768 -32768 -32768    255    255    255    255    0 2147483647
  0.59    -32768    -32768 -32768 -32768 -32768 -32768    255    255    255    255    0 2147483647
  0.61    -32768    -32768 -32768 -32768 -32768 -32768    255    255    255    255    0 2147483647
  0.63    -32768    -32768 -32768 -32768 -32768 -32768    255    255    255    255    0 2147483647
  0.65    -32768    -32768 -32768 -32768 -32768 -32768    255    255    255    255    0 2147483647
  0.67    -32768    -32768 -32768 -32768 -32768 -32768    255    255    255    255    0 2147483647
  0.69    -32768    -32768 -32768 -32768 -32768 -32768    255    255    255    255    0 2147483647
  0.71    -32768    -32768 -32768 -32768 -32768 -32768    255    255    255    255    0 2147483647
  0.73    -32768    -32768 -32768 -32768 -32768 -32768    255    255    255    255    0 2147483647
18 5 29 6 32 2 26   134      1    0.320    3.080  267.330   14.560 
1.61    -0.13    -0.50     0.40     0.00     0.00     0.00     0.00     0.19     0.18     0.20     0.18 
0.02         1.21        -0.00         0.02         0.02
30000.0000000 30000.0000000 -32768   -32768         0.0
0.0           0.0           0.0           0.0           1.0           0.0           0.5  0.00   0.00
30 cm BT dB 0.44  1.054
  0.15    -32768    -32768 -32768 -32768 -32768 -32768    255    255    255    255    0 2147483647
  0.17    -32768    -32768 -32768 -32768 -32768 -32768    255    255    255    255    0 2147483647
  0.19    -32768    -32768 -32768 -32768 -32768 -32768    255    255    255    255    0 2147483647
  0.21    -32768    -32768 -32768 -32768 -32768 -32768    255    255    255    255    0 2147483647
  0.23    -32768    -32768 -32768 -32768 -32768 -32768    255    255    255    255    0 2147483647
  0.25    -32768    -32768 -32768 -32768 -32768 -32768    255    255    255    255    0 2147483647
  0.27    -32768    -32768 -32768 -32768 -32768 -32768    255    255    255    255    0 2147483647
  0.29    -32768    -32768 -32768 -32768 -32768 -32768    255    255    255    255    0 2147483647
  0.31    -32768    -32768 -32768 -32768 -32768 -32768    255    255    255    255    0 2147483647
  0.33    -32768    -32768 -32768 -32768 -32768 -32768    255    255    255    255    0 2147483647
  0.35    -32768    -32768 -32768 -32768 -32768 -32768    255    255    255    255    0 2147483647
  0.37    -32768    -32768 -32768 -32768 -32768 -32768    255    255    255    255    0 2147483647
  0.39    -32768    -32768 -32768 -32768 -32768 -32768    255    255    255    255    0 2147483647
  0.41    -32768    -32768 -32768 -32768 -32768 -32768    255    255    255    255    0 2147483647
  0.43    -32768    -32768 -32768 -32768 -32768 -32768    255    255    255    255    0 2147483647
  0.45    -32768    -32768 -32768 -32768 -32768 -32768    255    255    255    255    0 2147483647
  0.47    -32768    -32768 -32768 -32768 -32768 -32768    255    255    255    255    0 2147483647
  0.49    -32768    -32768 -32768 -32768 -32768 -32768    255    255    255    255    0 2147483647
  0.51    -32768    -32768 -32768 -32768 -32768 -32768    255    255    255    255    0 2147483647
  0.53    -32768    -32768 -32768 -32768 -32768 -32768    255    255    255    255    0 2147483647
  0.55    -32768    -32768 -32768 -32768 -32768 -32768    255    255    255    255    0 2147483647
  0.57    -32768    -32768 -32768 -32768 -32768 -32768    255    255    255    255    0 2147483647
  0.59    -32768    -32768 -32768 -32768 -32768 -32768    255    255    255    255    0 2147483647
  0.61    -32768    -32768 -32768 -32768 -32768 -32768    255    255    255    255    0 2147483647
  0.63    -32768    -32768 -32768 -32768 -32768 -32768    255    255    255    255    0 2147483647
  0.65    -32768    -32768 -32768 -32768 -32768 -32768    255    255    255    255    0 2147483647
  0.67    -32768    -32768 -32768 -32768 -32768 -32768    255    255    255    255    0 2147483647
  0.69    -32768    -32768 -32768 -32768 -32768 -32768    255    255    255    255    0 2147483647
  0.71    -32768    -32768 -32768 -32768 -32768 -32768    255    255    255    255    0 2147483647
  0.73    -32768    -32768 -32768 -32768 -32768 -32768    255    255    255    255    0 2147483647
18 5 29 6 32 3 48   135      1    0.690    0.390  269.850   14.560 
-2.20     0.59    -0.00    -2.00     0.00     0.00     0.00     0.00     0.19     0.18     0.20     0.17 
0.05         2.43         0.01        -0.01         0.01
30000.0000000 30000.0000000 -32768   -32768         0.0
0.0           0.0           0.0           0.0           1.0           0.0           0.5  0.00   0.00
30 cm BT dB 0.44  1.054
  0.15    -32768    -32768 -32768 -32768 -32768 -32768    255    255    255    255    0 2147483647
  0.17    -32768    -32768 -32768 -32768 -32768 -32768    255    255    255    255    0 2147483647
  0.19    -32768    -32768 -32768 -32768 -32768 -32768    255    255    255    255    0 2147483647
  0.21    -32768    -32768 -32768 -32768 -32768 -32768    255    255    255    255    0 2147483647
  0.23    -32768    -32768 -32768 -32768 -32768 -32768    255    255    255    255    0 2147483647
  0.25    -32768    -32768 -32768 -32768 -32768 -32768    255    255    255    255    0 2147483647
  0.27    -32768    -32768 -32768 -32768 -32768 -32768    255    255    255    255    0 2147483647
  0.29    -32768    -32768 -32768 -32768 -32768 -32768    255    255    255    255    0 2147483647
  0.31    -32768    -32768 -32768 -32768 -32768 -32768    255    255    255    255    0 2147483647
  0.33    -32768    -32768 -32768 -32768 -32768 -32768    255    255    255    255    0 2147483647
  0.35    -32768    -32768 -32768 -32768 -32768 -32768    255    255    255    255    0 2147483647
  0.37    -32768    -32768 -32768 -32768 -32768 -32768    255    255    255    255    0 2147483647
  0.39    -32768    -32768 -32768 -32768 -32768 -32768    255    255    255    255    0 2147483647
  0.41    -32768    -32768 -32768 -32768 -32768 -32768    255    255    255    255    0 2147483647
  0.43    -32768    -32768 -32768 -32768 -32768 -32768    255    255    255    255    0 2147483647
  0.45    -32768    -32768 -32768 -32768 -32768 -32768    255    255    255    255    0 2147483647
  0.47    -32768    -32768 -32768 -32768 -32768 -32768    255    255    255    255    0 2147483647
  0.49    -32768    -32768 -32768 -32768 -32768 -32768    255    255    255    255    0 2147483647
  0.51    -32768    -32768 -32768 -32768 -32768 -32768    255    255    255    255    0 2147483647
  0.53    -32768    -32768 -32768 -32768 -32768 -32768    255    255    255    255    0 2147483647
  0.55    -32768    -32768 -32768 -32768 -32768 -32768    255    255    255    255    0 2147483647
  0.57    -32768    -32768 -32768 -32768 -32768 -32768    255    255    255    255    0 2147483647
  0.59    -32768    -32768 -32768 -32768 -32768 -32768    255    255    255    255    0 2147483647
  0.61    -32768    -32768 -32768 -32768 -32768 -32768    255    255    255    255    0 2147483647
  0.63    -32768    -32768 -32768 -32768 -32768 -32768    255    255    255    255    0 2147483647
  0.65    -32768    -32768 -32768 -32768 -32768 -32768    255    255    255    255    0 2147483647
  0.67    -32768    -32768 -32768 -32768 -32768 -32768    255    255    255    255    0 2147483647
  0.69    -32768    -32768 -32768 -32768 -32768 -32768    255    255    255    255    0 2147483647
  0.71    -32768    -32768 -32768 -32768 -32768 -32768    255    255    255    255    0 2147483647
  0.73    -32768    -32768 -32768 -32768 -32768 -32768    255    255    255    255    0 2147483647
18 5 29 6 32 4 69   136      1    2.570    2.730  280.640   14.560 
-6.40     3.85     0.10    -1.20     0.00     0.00     0.00     0.00     0.20     0.20     0.22     0.19 
0.14         3.64         0.05        -0.08         0.10
30000.0000000 30000.0000000 -32768   -32768         0.0
0.0           0.0           0.0           0.0           1.0           0.0           0.5  0.00   0.00
30 cm BT dB 0.44  1.054
  0.15    -32768    -32768 -32768 -32768 -32768 -32768    255    255    255    255    0 2147483647
  0.17    -32768    -32768 -32768 -32768 -32768 -32768    255    255    255    255    0 2147483647
  0.19    -32768    -32768 -32768 -32768 -32768 -32768    255    255    255    255    0 2147483647
  0.21    -32768    -32768 -32768 -32768 -32768 -32768    255    255    255    255    0 2147483647
  0.23    -32768    -32768 -32768 -32768 -32768 -32768    255    255    255    255    0 2147483647
  0.25    -32768    -32768 -32768 -32768 -32768 -32768    255    255    255    255    0 2147483647
  0.27    -32768    -32768 -32768 -32768 -32768 -32768    255    255    255    255    0 2147483647
  0.29    -32768    -32768 -32768 -32768 -32768 -32768    255    255    255    255    0 2147483647
  0.31    -32768    -32768 -32768 -32768 -32768 -32768    255    255    255    255    0 2147483647
  0.33    -32768    -32768 -32768 -32768 -32768 -32768    255    255    255    255    0 2147483647
  0.35    -32768    -32768 -32768 -32768 -32768 -32768    255    255    255    255    0 2147483647
  0.37    -32768    -32768 -32768 -32768 -32768 -32768    255    255    255    255    0 2147483647
  0.39    -32768    -32768 -32768 -32768 -32768 -32768    255    255    255    255    0 2147483647
  0.41    -32768    -32768 -32768 -32768 -32768 -32768    255    255    255    255    0 2147483647
  0.43    -32768    -32768 -32768 -32768 -32768 -32768    255    255    255    255    0 2147483647
  0.45    -32768    -32768 -32768 -32768 -32768 -32768    255    255    255    255    0 2147483647
  0.47    -32768    -32768 -32768 -32768 -32768 -32768    255    255    255    255    0 2147483647
  0.49    -32768    -32768 -32768 -32768 -32768 -32768    255    255    255    255    0 2147483647
  0.51    -32768    -32768 -32768 -32768 -32768 -32768    255    255    255    255    0 2147483647
  0.53    -32768    -32768 -32768 -32768 -32768 -32768    255    255    255    255    0 2147483647
  0.55    -32768    -32768 -32768 -32768 -32768 -32768    255    255    255    255    0 2147483647
  0.57    -32768    -32768 -32768 -32768 -32768 -32768    255    255    255    255    0 2147483647
  0.59    -32768    -32768 -32768 -32768 -32768 -32768    255    255    255    255    0 2147483647
  0.61    -32768    -32768 -32768 -32768 -32768 -32768    255    255    255    255    0 2147483647
  0.63    -32768    -32768 -32768 -32768 -32768 -32768    255    255    255    255    0 2147483647
  0.65    -32768    -32768 -32768 -32768 -32768 -32768    255    255    255    255    0 2147483647
  0.67    -32768    -32768 -32768 -32768 -32768 -32768    255    255    255    255    0 2147483647
  0.69    -32768    -32768 -32768 -32768 -32768 -32768    255    255    255    255    0 2147483647
  0.71    -32768    -32768 -32768 -32768 -32768 -32768    255    255    255    255    0 2147483647
  0.73    -32768    -32768 -32768 -32768 -32768 -32768    255    255    255    255    0 2147483647
18 5 29 6 32 5 90   137      1    2.890    1.940  295.340   14.560 
-12.74    10.02    -0.30    -2.00     0.00     0.00     0.00     0.00     0.22     0.21     0.23     0.20 
0.33         4.85         0.17        -0.24         0.30
30000.0000000 30000.0000000 -32768   -32768         0.0
0.0           0.0           0.0           0.0           1.0           0.0           0.5  0.00   0.00
30 cm BT dB 0.44  1.054
  0.15    -32768    -32768 -32768 -32768 -32768 -32768    255    255    255    255    0 2147483647
  0.17    -32768    -32768 -32768 -32768 -32768 -32768    255    255    255    255    0 2147483647
  0.19    -32768    -32768 -32768 -32768 -32768 -32768    255    255    255    255    0 2147483647
  0.21    -32768    -32768 -32768 -32768 -32768 -32768    255    255    255    255    0 2147483647
  0.23    -32768    -32768 -32768 -32768 -32768 -32768    255    255    255    255    0 2147483647
  0.25    -32768    -32768 -32768 -32768 -32768 -32768    255    255    255    255    0 2147483647
  0.27    -32768    -32768 -32768 -32768 -32768 -32768    255    255    255    255    0 2147483647
  0.29    -32768    -32768 -32768 -32768 -32768 -32768    255    255    255    255    0 2147483647
  0.31    -32768    -32768 -32768 -32768 -32768 -32768    255    255    255    255    0 2147483647
  0.33    -32768    -32768 -32768 -32768 -32768 -32768    255    255    255    255    0 2147483647
  0.35    -32768    -32768 -32768 -32768 -32768 -32768    255    255    255    255    0 2147483647
  0.37    -32768    -32768 -32768 -32768 -32768 -32768    255    255    255    255    0 2147483647
  0.39    -32768    -32768 -32768 -32768 -32768 -32768    255    255    255    255    0 2147483647
  0.41    -32768    -32768 -32768 -32768 -32768 -32768    255    255    255    255    0 2147483647
  0.43    -32768    -32768 -32768 -32768 -32768 -32768    255    255    255    255    0 2147483647
  0.45    -32768    -32768 -32768 -32768 -32768 -32768    255    255    255    255    0 2147483647
  0.47    -32768    -32768 -32768 -32768 -32768 -32768    255    255    255    255    0 2147483647
  0.49    -32768    -32768 -32768 -32768 -32768 -32768    255    255    255    255    0 2147483647
  0.51    -32768    -32768 -32768 -32768 -32768 -32768    255    255    255    255    0 2147483647
  0.53    -32768    -32768 -32768 -32768 -32768 -32768    255    255    255    255    0 2147483647
  0.55    -32768    -32768 -32768 -32768 -32768 -32768    255    255    255    255    0 2147483647
  0.57    -32768    -32768 -32768 -32768 -32768 -32768    255    255    255    255    0 2147483647
  0.59    -32768    -32768 -32768 -32768 -32768 -32768    255    255    255    255    0 2147483647
  0.61    -32768    -32768 -32768 -32768 -32768 -32768    255    255    255    255    0 2147483647
  0.63    -32768    -32768 -32768 -32768 -32768 -32768    255    255    255    255    0 2147483647
  0.65    -32768    -32768 -32768 -32768 -32768 -32768    255    255    255    255    0 2147483647
  0.67    -32768    -32768 -32768 -32768 -32768 -32768    255    255    255    255    0 2147483647
  0.69    -32768    -32768 -32768 -32768 -32768 -32768    255    255    255    255    0 2147483647
  0.71    -32768    -32768 -32768 -32768 -32768 -32768    255    255    255    255    0 2147483647
  0.73    -32768    -32768 -32768 -32768 -32768 -32768    255    255    255    255    0 2147483647
18 5 29 6 32 7 11   138      1    1.540    1.420  316.010   14.560 
-12.96    19.32    -0.60     1.60     0.00     0.00     0.00     0.00     0.25     0.23     0.26     0.23 
0.62         6.06         0.41        -0.40         0.57
30000.0000000 30000.0000000 -32768   -32768         0.0
0.0           0.0           0.0           0.0           1.0           0.0           0.5  0.15   0.15
30 cm BT dB 0.44  1.054
  0.15     18.32     25.89    8.0   16.5   -6.6    3.2   59.0   57.6   63.0   66.5  100       0.00
  0.17    -32768    -32768 -32768 -32768 -32768 -32768    255    255    255    255    0 2147483647
  0.19    -32768    -32768 -32768 -32768 -32768 -32768    255    255    255    255    0 2147483647
  0.21    -32768    -32768 -32768 -32768 -32768 -32768    255    255    255    255    0 2147483647
  0.23    -32768    -32768 -32768 -32768 -32768 -32768    255    255    255    255    0 2147483647
  0.25    -32768    -32768 -32768 -32768 -32768 -32768    255    255    255    255    0 2147483647
  0.27    -32768    -32768 -32768 -32768 -32768 -32768    255    255    255    255    0 2147483647
  0.29    -32768    -32768 -32768 -32768 -32768 -32768    255    255    255    255    0 2147483647
  0.31    -32768    -32768 -32768 -32768 -32768 -32768    255    255    255    255    0 2147483647
  0.33    -32768    -32768 -32768 -32768 -32768 -32768    255    255    255    255    0 2147483647
  0.35    -32768    -32768 -32768 -32768 -32768 -32768    255    255    255    255    0 2147483647
  0.37    -32768    -32768 -32768 -32768 -32768 -32768    255    255    255    255    0 2147483647
  0.39    -32768    -32768 -32768 -32768 -32768 -32768    255    255    255    255    0 2147483647
  0.41    -32768    -32768 -32768 -32768 -32768 -32768    255    255    255    255    0 2147483647
  0.43    -32768    -32768 -32768 -32768 -32768 -32768    255    255    255    255    0 2147483647
  0.45    -32768    -32768 -32768 -32768 -32768 -32768    255    255    255    255    0 2147483647
  0.47    -32768    -32768 -32768 -32768 -32768 -32768    255    255    255    255    0 2147483647
  0.49    -32768    -32768 -32768 -32768 -32768 -32768    255    255    255    255    0 2147483647
  0.51    -32768    -32768 -32768 -32768 -32768 -32768    255    255    255    255    0 2147483647
  0.53    -32768    -32768 -32768 -32768 -32768 -32768    255    255    255    255    0 2147483647
  0.55    -32768    -32768 -32768 -32768 -32768 -32768    255    255    255    255    0 2147483647
  0.57    -32768    -32768 -32768 -32768 -32768 -32768    255    255    255    255    0 2147483647
  0.59    -32768    -32768 -32768 -32768 -32768 -32768    255    255    255    255    0 2147483647
  0.61    -32768    -32768 -32768 -32768 -32768 -32768    255    255    255    255    0 2147483647
  0.63    -32768    -32768 -32768 -32768 -32768 -32768    255    255    255    255    0 2147483647
  0.65    -32768    -32768 -32768 -32768 -32768 -32768    255    255    255    255    0 2147483647
  0.67    -32768    -32768 -32768 -32768 -32768 -32768    255    255    255    255    0 2147483647
  0.69    -32768    -32768 -32768 -32768 -32768 -32768    255    255    255    255    0 2147483647
  0.71    -32768    -32768 -32768 -32768 -32768 -32768    255    255    255    255    0 2147483647
  0.73    -32768    -32768 -32768 -32768 -32768 -32768    255    255    255    255    0 2147483647
18 5 29 6 32 8 33   139      1    1.930    0.530  338.620   14.560 
-7.52    32.39     0.70    -1.40     0.00     0.00     0.00     0.00     0.27     0.27     0.29     0.26 
1.02         7.28         0.80        -0.49         0.94
30000.0000000 30000.0000000 -32768   -32768         0.0
0.0           0.1           0.0           0.0           1.0           0.0           0.5  0.15   0.17
30 cm BT dB 0.44  1.054
  0.15     46.52     54.43   37.8   27.1    4.7  -14.8   56.8   62.1   67.4   70.5  100       0.00
  0.17     58.22    356.84   -3.2   58.1    2.2  -44.6   62.1   60.8   62.1   73.2  100       0.00
  0.19    -32768    -32768 -32768 -32768 -32768 -32768    255    255    255    255    0 2147483647
  0.21    -32768    -32768 -32768 -32768 -32768 -32768    255    255    255    255    0 2147483647
  0.23    -32768    -32768 -32768 -32768 -32768 -32768    255    255    255    255    0 2147483647
  0.25    -32768    -32768 -32768 -32768 -32768 -32768    255    255    255    255    0 2147483647
  0.27    -32768    -32768 -32768 -32768 -32768 -32768    255    255    255    255    0 2147483647
  0.29    -32768    -32768 -32768 -32768 -32768 -32768    255    255    255    255    0 2147483647
  0.31    -32768    -32768 -32768 -32768 -32768 -32768    255    255    255    255    0 2147483647
  0.33    -32768    -32768 -32768 -32768 -32768 -32768    255    255    255    255    0 2147483647
  0.35    -32768    -32768 -32768 -32768 -32768 -32768    255    255    255    255    0 2147483647
  0.37    -32768    -32768 -32768 -32768 -32768 -32768    255    255    255    255    0 2147483647
  0.39    -32768    -32768 -32768 -32768 -32768 -32768    255    255    255    255    0 2147483647
  0.41    -32768    -32768 -32768 -32768 -32768 -32768    255    255    255    255    0 2147483647
  0.43    -32768    -32768 -32768 -32768 -32768 -32768    255    255    255    255    0 2147483647
  0.45    -32768    -32768 -32768 -32768 -32768 -32768    255    255    255    255    0 2147483647
  0.47    -32768    -32768 -32768 -32768 -32768 -32768    255    255    255    255    0 2147483647
  0.49    -32768    -32768 -32768 -32768 -32768 -32768    255    255    255    255    0 2147483647
  0.51    -32768    -32768 -32768 -32768 -32768 -32768    255    255    255    255    0 2147483647
  0.53    -32768    -32768 -32768 -32768 -32768 -32768    255    255    255    255    0 2147483647
  0.55    -32768    -32768 -32768 -32768 -32768 -32768    255    255    255    255    0 2147483647
  0.57    -32768    -32768 -32768 -32768 -32768 -32768    255    255    255    255    0 2147483647
  0.59    -32768    -32768 -32768 -32768 -32768 -32768    255    255    255    255    0 2147483647
  0.61    -32768    -32768 -32768 -32768 -32768 -32768    255    255    255    255    0 2147483647
  0.63    -32768    -32768 -32768 -32768 -32768 -32768    255    255    255    255    0 2147483647
  0.65    -32768    -32768 -32768 -32768 -32768 -32768    255    255    255    255    0 2147483647
  0.67    -32768    -32768 -32768 -32768 -32768 -32768    255    255    255    255    0 2147483647
  0.69    -32768    -32768 -32768 -32768 -32768 -32768    255    255    255    255    0 2147483647
  0.71    -32768    -32768 -32768 -32768 -32768 -32768    255    255    255    255    0 2147483647
  0.73    -32768    -32768 -32768 -32768 -32768 -32768    255    255    255    255    0 2147483647
18 5 29 6 32 9 55   140      1    0.220    0.580    3.410   14.560 
5.97    37.91     0.30     1.90     0.00     0.00     0.00     0.00     0.33     0.28     0.31     0.29 
1.49         8.50         1.26        -0.41         1.33
30000.0000000 30000.0000000 -32768   -32768         0.0
0.0           0.1           0.0           0.0           1.0           0.0           0.5  0.15   0.19
30 cm BT dB 0.44  1.054
  0.15     60.51     26.88   27.4   54.0   -4.4   23.9   59.9   60.7   64.3   69.1  100       0.00
  0.17     15.62     57.79   13.2    8.3   -4.1    8.7   58.6   57.2   63.0   72.7  100       0.00
  0.19     14.53     37.76    8.9   11.5   -1.6  -30.6   59.1   56.8   64.8   67.5  100       0.00
  0.21    -32768    -32768 -32768 -32768 -32768 -32768    255    255    255    255    0 2147483647
  0.23    -32768    -32768 -32768 -32768 -32768 -32768    255    255    255    255    0 2147483647
  0.25    -32768    -32768 -32768 -32768 -32768 -32768    255    255    255    255    0 2147483647
  0.27    -32768    -32768 -32768 -32768 -32768 -32768    255    255    255    255    0 2147483647
  0.29    -32768    -32768 -32768 -32768 -32768 -32768    255    255    255    255    0 2147483647
  0.31    -32768    -32768 -32768 -32768 -32768 -32768    255    255    255    255    0 2147483647
  0.33    -32768    -32768 -32768 -32768 -32768 -32768    255    255    255    255    0 2147483647
  0.35    -32768    -32768 -32768 -32768 -32768 -32768    255    255    255    255    0 2147483647
  0.37    -32768    -32768 -32768 -32768 -32768 -32768    255    255    255    255    0 2147483647
  0.39    -32768    -32768 -32768 -32768 -32768 -32768    255    255    255    255    0 2147483647
  0.41    -32768    -32768 -32768 -32768 -32768 -32768    255    255    255    255    0 2147483647
  0.43    -32768    -32768 -32768 -32768 -32768 -32768    255    255    255    255    0 2147483647
  0.45    -32768    -32768 -32768 -32768 -32768 -32768    255    255    255    255    0 2147483647
  0.47    -32768    -32768 -32768 -32768 -32768 -32768    255    255    255    255    0 2147483647
  0.49    -32768    -32768 -32768 -32768 -32768 -32768    255    255    255    255    0 2147483647
  0.51    -32768    -32768 -32768 -32768 -32768 -32768    255    255    255    255    0 2147483647
  0.53    -32768    -32768 -32768 -32768 -32768 -32768    255    255    255    255    0 2147483647
  0.55    -32768    -32768 -32768 -32768 -32768 -32768    255    255    255    255    0 2147483647
  0.57    -32768    -32768 -32768 -32768 -32768 -32768    255    255    255    255    0 2147483647
  0.59    -32768    -32768 -32768 -32768 -32768 -32768    255    255    255    255    0 2147483647
  0.61    -32768    -32768 -32768 -32768 -32768 -32768    255    255    255    255    0 2147483647
  0.63    -32768    -32768 -32768 -32768 -32768 -32768    255    255    255    255    0 2147483647
  0.65    -32768    -32768 -32768 -32768 -32768 -32768    255    255    255    255    0 2147483647
  0.67    -32768    -32768 -32768 -32768 -32768 -32768    255    255    255    255    0 2147483647
  0.69    -32768    -32768 -32768 -32768 -32768 -32768    255    255    255    255    0 2147483647
  0.71    -32768    -32768 -32768 -32768 -32768 -32768    255    255    255    255    0 2147483647
  0.73    -32768    -32768 -32768 -32768 -32768 -32768    255    255    255    255    0 2147483647
18 5 29 6 32 10 75   141      1    4.560    1.170    2.010   14.560 
0.45    21.40    -0.00     0.10     0.00     0.00     0.00     0.00     0.37     0.34     0.40     0.33 
1.75         9.70         1.52        -0.41         1.58
30000.0000000 30000.0000000 -32768   -32768         0.0
0.0           0.1           0.0           0.0           1.0           0.0           0.5  0.15   0.25
30 cm BT dB 0.44  1.054
  0.15     31.15    284.62  -30.1    7.9    4.1    5.9   59.9   63.8   62.5   70.0  100      -0.00
  0.17     22.73    353.92   -2.4   22.6   -6.2   25.6   57.7   59.5   66.5   71.8  100      -0.00
  0.19     49.25    355.13   -4.2   49.1   -4.0  -21.8   59.9   60.4   63.5   67.5  100      -0.00
  0.21     27.02     26.96   12.3   24.1    8.2   48.6   57.8   58.2   63.5   70.2  100       0.00
  0.23     40.96     28.39   19.5   36.0    1.3    3.4   59.6   60.0   60.9   69.3  100       0.00
  0.25     31.85     29.70   15.8   27.7   -6.4  -19.5   56.5   60.5   62.7   69.4  100       0.00
  0.27    -32768    -32768 -32768 -32768 -32768 -32768    255    255    255    255    0 2147483647
  0.29    -32768    -32768 -32768 -32768 -32768 -32768    255    255    255    255    0 2147483647
  0.31    -32768    -32768 -32768 -32768 -32768 -32768    255    255    255    255    0 2147483647
  0.33    -32768    -32768 -32768 -32768 -32768 -32768    255    255    255    255    0 2147483647
  0.35    -32768    -32768 -32768 -32768 -32768 -32768    255    255    255    255    0 2147483647
  0.37    -32768    -32768 -32768 -32768 -32768 -32768    255    255    255    255    0 2147483647
  0.39    -32768    -32768 -32768 -32768 -32768 -32768    255    255    255    255    0 2147483647
  0.41    -32768    -32768 -32768 -32768 -32768 -32768    255    255    255    255    0 2147483647
  0.43    -32768    -32768 -32768 -32768 -32768 -32768    255    255    255    255    0 2147483647
  0.45    -32768    -32768 -32768 -32768 -32768 -32768    255    255    255    255    0 2147483647
  0.47    -32768    -32768 -32768 -32768 -32768 -32768    255    255    255    255    0 2147483647
  0.49    -32768    -32768 -32768 -32768 -32768 -32768    255    255    255    255    0 2147483647
  0.51    -32768    -32768 -32768 -32768 -32768 -32768    255    255    255    255    0 2147483647
  0.53    -32768    -32768 -32768 -32768 -32768 -32768    255    255    255    255    0 2147483647
  0.55    -32768    -32768 -32768 -32768 -32768 -32768    255    255    255    255    0 2147483647
  0.57    -32768    -32768 -32768 -32768 -32768 -32768    255    255    255    255    0 2147483647
  0.59    -32768    -32768 -32768 -32768 -32768 -32768    255    255    255    255    0 2147483647
  0.61    -32768    -32768 -32768 -32768 -32768 -32768    255    255    255    255    0 2147483647
  0.63    -32768    -32768 -32768 -32768 -32768 -32768    255    255    255    255    0 2147483647
  0.65    -32768    -32768 -32768 -32768 -32768 -32768    255    255    255    255    0 2147483647
  0.67    -32768    -32768 -32768 -32768 -32768 -32768    255    255    255    255    0 2147483647
  0.69    -32768    -32768 -32768 -32768 -32768 -32768    255    255    255    255    0 2147483647
  0.71    -32768    -32768 -32768 -32768 -32768 -32768    255    255    255    255    0 2147483647
  0.73    -32768    -32768 -32768 -32768 -32768 -32768    255    255    255    255    0 2147483647
18 5 29 6 32 11 91   142      1    2.790    1.300  323.810   14.560 
-11.48    11.80     0.50     3.10     0.00     0.00     0.00     0.00     0.34     0.38     0.39     0.35 
1.94        10.86         1.66        -0.54         1.75
30000.0000000 30000.0000000 -32768   -32768         0.0
0.0           0.1           0.0           0.0           1.0           0.0           0.5  0.15   0.25
30 cm BT dB 0.44  1.054
  0.15     33.25    335.96  -13.5   30.4   -7.6   13.6   56.3   59.0   66.0   72.2  100       0.00
  0.17     46.50     25.15   19.8   42.1    5.0  -12.4   58.1   60.3   65.2   69.2  100       0.00
  0.19     53.06     69.44   49.7   18.6   -1.3   34.5   56.4   59.1   62.6   70.6  100       0.00
  0.21     36.29     46.53   26.3   25.0   -2.5   -1.6   57.8   60.0   62.6   70.2  100       0.00
  0.23     14.93     21.40    5.4   13.9    1.3  -11.6   59.1   61.8   64.0   69.8  100       0.00
  0.25     24.22    153.08   11.0  -21.6   10.4  -23.2   58.3   58.3   64.9   69.4  100      -0.00
  0.27    -32768    -32768 -32768 -32768 -32768 -32768    255    255    255    255    0 2147483647
  0.29    -32768    -32768 -32768 -32768 -32768 -32768    255    255    255    255    0 2147483647
  0.31    -32768    -32768 -32768 -32768 -32768 -32768    255    255    255    255    0 2147483647
  0.33    -32768    -32768 -32768 -32768 -32768 -32768    255    255    255    255    0 2147483647
  0.35    -32768    -32768 -32768 -32768 -32768 -32768    255    255    255    255    0 2147483647
  0.37    -32768    -32768 -32768 -32768 -32768 -32768    255    255    255    255    0 2147483647
  0.39    -32768    -32768 -32768 -32768 -32768 -32768    255    255    255    255    0 2147483647
  0.41    -32768    -32768 -32768 -32768 -32768 -32768    255    255    255    255    0 2147483647
  0.43    -32768    -32768 -32768 -32768 -32768 -32768    255    255    255    255    0 2147483647
  0.45    -32768    -32768 -32768 -32768 -32768 -32768    255    255    255    255    0 2147483647
  0.47    -32768    -32768 -32768 -32768 -32768 -32768    255    255    255    255    0 2147483647
  0.49    -32768    -32768 -32768 -32768 -32768 -32768    255    255    255    255    0 2147483647
  0.51    -32768    -32768 -32768 -32768 -32768 -32768    255    255    255    255    0 2147483647
  0.53    -32768    -32768 -32768 -32768 -32768 -32768    255    255    255    255    0 2147483647
  0.55    -32768    -32768 -32768 -32768 -32768 -32768    255    255    255    255    0 2147483647
  0.57    -32768    -32768 -32768 -32768 -32768 -32768    255    255    255    255    0 2147483647
  0.59    -32768    -32768 -32768 -32768 -32768 -32768    255    255    255    255    0 2147483647
  0.61    -32768    -32768 -32768 -32768 -32768 -32768    255    255    255    255    0 2147483647
  0.63    -32768    -32768 -32768 -32768 -32768 -32768    255    255    255    255    0 2147483647
  0.65    -32768    -32768 -32768 -32768 -32768 -32768    255    255    255    255    0 2147483647
  0.67    -32768    -32768 -32768 -32768 -32768 -32768    255    255    255    255    0 2147483647
  0.69    -32768    -32768 -32768 -32768 -32768 -32768    255    255    255    255    0 2147483647
  0.71    -32768    -32768 -32768 -32768 -32768 -32768    255    255    255    255    0 2147483647
  0.73    -32768    -32768 -32768 -32768 -32768 -32768    255    255    255    255    0 2147483647
18 5 29 6 32 13 3   143      1    3.300   -0.310  304.330   14.560 
-24.82    10.29     1.40    -1.40     0.00     0.00     0.00     0.00     0.35     0.38     0.40     0.38 
2.24        11.98         1.77        -0.82         1.95
30000.0000000 30000.0000000 -32768   -32768         0.0
0.0           0.1           0.0           0.0           1.0           0.0           0.5  0.15   0.27
30 cm BT dB 0.44  1.054
  0.15     62.57     49.81   47.8   40.4   -0.4   -7.4   59.4   58.1   66.0   69.6  100       0.00
  0.17     53.50     34.65   30.4   44.0    0.0  -20.8   58.6   59.0   62.6   69.6  100       0.00
  0.19     46.69     27.94   21.9   41.2   -1.5  -36.6   58.2   58.6   64.4   67.5  100       0.00
  0.21     22.74    143.32   13.6  -18.2   -5.2    5.2   59.1   60.0   64.4   70.6  100      -0.00
  0.23     21.60    294.74  -19.6    9.0   -2.3  -33.7   56.9   60.5   63.6   68.9  100       0.00
  0.25     11.64     71.30   11.0    3.7    9.7  -17.9   57.0   57.9   64.9   70.7  100       0.00
  0.27     26.95    109.93   25.3   -9.2    4.6   47.0   56.6   60.1   63.2   69.4  100       0.00
  0.29    -32768    -32768 -32768 -32768 -32768 -32768    255    255    255    255    0 2147483647
  0.31    -32768    -32768 -32768 -32768 -32768 -32768    255    255    255    255    0 2147483647
  0.33    -32768    -32768 -32768 -32768 -32768 -32768    255    255    255    255    0 2147483647
  0.35    -32768    -32768 -32768 -32768 -32768 -32768    255    255    255    255    0 2147483647
  0.37    -32768    -32768 -32768 -32768 -32768 -32768    255    255    255    255    0 2147483647
  0.39    -32768    -32768 -32768 -32768 -32768 -32768    255    255    255    255    0 2147483647
  0.41    -32768    -32768 -32768 -32768 -32768 -32768    255    255    255    255    0 2147483647
  0.43    -32768    -32768 -32768 -32768 -32768 -32768    255    255    255    255    0 2147483647
  0.45    -32768    -32768 -32768 -32768 -32768 -32768    255    255    255    255    0 2147483647
  0.47    -32768    -32768 -32768 -32768 -32768 -32768    255    255    255    255    0 2147483647
  0.49    -32768    -32768 -32768 -32768 -32768 -32768    255    255    255    255    0 2147483647
  0.51    -32768    -32768 -32768 -32768 -32768 -32768    255    255    255    255    0 2147483647
  0.53    -32768    -32768 -32768 -32768 -32768 -32768    255    255    255    255    0 2147483647
  0.55    -32768    -32768 -32768 -32768 -32768 -32768    255    255    255    255    0 2147483647
  0.57    -32768    -32768 -32768 -32768 -32768 -32768    255    255    255    255    0 2147483647
  0.59    -32768    -32768 -32768 -32768 -32768 -32768    255    255    255    255    0 2147483647
  0.61    -32768    -32768 -32768 -32768 -32768 -32768    255    255    255    255    0 2147483647
  0.63    -32768    -32768 -32768 -32768 -32768 -32768    255    255    255    255    0 2147483647
  0.65    -32768    -32768 -32768 -32768 -32768 -32768    255    255    255    255    0 2147483647
  0.67    -32768    -32768 -32768 -32768 -32768 -32768    255    255    255    255    0 2147483647
  0.69    -32768    -32768 -32768 -32768 -32768 -32768    255    255    255    255    0 2147483647
  0.71    -32768    -32768 -32768 -32768 -32768 -32768    255    255    255    255    0 2147483647
  0.73    -32768    -32768 -32768 -32768 -32768 -32768    255    255    255    255    0 2147483647
18 5 29 6 32 14 18   144      1    3.770    2.060  301.650   14.560 
-29.50    14.66    -2.50    -0.90     0.00     0.00     0.00     0.00     0.42     0.40     0.41     0.39 
2.62        13.13         1.94        -1.16         2.26
30000.0000000 30000.0000000 -32768   -32768         0.0
0.1           0.1           0.1           0.0           1.0           0.0           0.5  0.15   0.29
30 cm BT dB 0.44  1.054
  0.15     62.99     62.29   55.8   29.3    2.3   25.2   60.3   62.1   65.6   70.0  100       0.00
  0.17     55.02     68.37   51.1   20.3    3.5   -1.9   59.0   61.2   67.0   71.0  100       0.00
  0.19     45.51     39.35   28.9   35.2   -2.6   -0.1   59.1   61.7   67.0   71.0  100       0.00
  0.21     53.71     28.02   25.2   47.4   -7.9    2.9   57.8   61.8   63.1   71.5  100       0.00
  0.23     70.37     49.18   53.3   46.0   -1.8  -32.6   58.3   61.4   65.3   70.2  100       0.00
  0.25     55.98     37.39   34.0   44.5   -7.2    5.2   58.3   60.5   64.5   73.4  100       0.00
  0.27     54.76     98.64   54.1   -8.2   -5.7  -14.3   57.9   60.6   66.8   69.9  100       0.00
  0.29     75.88     54.36   61.7   44.2    2.1   -5.6   58.8   61.1   64.2   72.6  100       0.01
  0.31    -32768    -32768 -32768 -32768 -32768 -32768    255    255    255    255    0 2147483647
  0.33    -32768    -32768 -32768 -32768 -32768 -32768    255    255    255    255    0 2147483647
  0.35    -32768    -32768 -32768 -32768 -32768 -32768    255    255    255    255    0 2147483647
  0.37    -32768    -32768 -32768 -32768 -32768 -32768    255    255    255    255    0 2147483647
  0.39    -32768    -32768 -32768 -32768 -32768 -32768    255    255    255    255    0 2147483647
  0.41    -32768    -32768 -32768 -32768 -32768 -32768    255    255    255    255    0 2147483647
  0.43    -32768    -32768 -32768 -32768 -32768 -32768    255    255    255    255    0 2147483647
  0.45    -32768    -32768 -32768 -32768 -32768 -32768    255    255    255    255    0 2147483647
  0.47    -32768    -32768 -32768 -32768 -32768 -32768    255    255    255    255    0 2147483647
  0.49    -32768    -32768 -32768 -32768 -32768 -32768    255    255    255    255    0 2147483647
  0.51    -32768    -32768 -32768 -32768 -32768 -32768    255    255    255    255    0 2147483647
  0.53    -32768    -32768 -32768 -32768 -32768 -32768    255    255    255    255    0 2147483647
  0.55    -32768    -32768 -32768 -32768 -32768 -32768    255    255    255    255    0 2147483647
  0.57    -32768    -32768 -32768 -32768 -32768 -32768    255    255    255    255    0 2147483647
  0.59    -32768    -32768 -32768 -32768 -32768 -32768    255    255    255    255    0 2147483647
  0.61    -32768    -32768 -32768 -32768 -32768 -32768    255    255    255    255    0 2147483647
  0.63    -32768    -32768 -32768 -32768 -32768 -32768    255    255    255    255    0 2147483647
  0.65    -32768    -32768 -32768 -32768 -32768 -32768    255    255    255    255    0 2147483647
  0.67    -32768    -32768 -32768 -32768 -32768 -32768    255    255    255    255    0 2147483647
  0.69    -32768    -32768 -32768 -32768 -32768 -32768    255    255    255    255    0 2147483647
  0.71    -32768    -32768 -32768 -32768 -32768 -32768    255    255    255    255    0 2147483647
  0.73    -32768    -32768 -32768 -32768 -32768 -32768    255    255    255    255    0 2147483647
18 5 29 6 32 15 32   145      1    4.730    1.420  304.750   14.560 
-40.45    25.02    -3.20    -1.60     0.00     0.00     0.00     0.00     0.40     0.39     0.36     0.36 
3.16        14.27         2.23        -1.62         2.75
30000.0000000 30000.0000000 -32768   -32768         0.0
0.1           0.2           0.1           0.0           1.0           0.0           0.5  0.15   0.27
30 cm BT dB 0.44  1.054
  0.15     42.21     42.78   28.7   31.0  -16.9    7.2   59.0   62.1   66.9   69.6  100       0.00
  0.17     67.15     47.48   49.5   45.4   -9.0   11.6   59.5   64.8   66.1   71.8  100       0.01
  0.19     54.54     50.06   41.8   35.0   -4.6    3.9   59.9   65.3   65.7   71.0  100       0.01
  0.21     69.73     40.35   45.1   53.1   -9.0  -19.6   62.6   65.7   67.1   71.5  100       0.01
  0.23     47.98     75.95   46.5   11.6    1.1  -19.0   58.7   64.0   65.8   70.2  100       0.00
  0.25     55.41     10.45   10.1   54.5    1.9  -35.8   60.5   62.7   66.7   71.6  100       0.01
  0.27     47.47     37.77   29.1   37.5   -9.2   -1.4   55.7   61.0   65.4   70.3  100       0.01
  0.29    -32768    -32768 -32768 -32768 -32768 -32768    255    255    255    255    0 2147483647
  0.31    -32768    -32768 -32768 -32768 -32768 -32768    255    255    255    255    0 2147483647
  0.33    -32768    -32768 -32768 -32768 -32768 -32768    255    255    255    255    0 2147483647
  0.35    -32768    -32768 -32768 -32768 -32768 -32768    255    255    255    255    0 2147483647
  0.37    -32768    -32768 -32768 -32768 -32768 -32768    255    255    255    255    0 2147483647
  0.39    -32768    -32768 -32768 -32768 -32768 -32768    255    255    255    255    0 2147483647
  0.41    -32768    -32768 -32768 -32768 -32768 -32768    255    255    255    255    0 2147483647
  0.43    -32768    -32768 -32768 -32768 -32768 -32768    255    255    255    255    0 2147483647
  0.45    -32768    -32768 -32768 -32768 -32768 -32768    255    255    255    255    0 2147483647
  0.47    -32768    -32768 -32768 -32768 -32768 -32768    255    255    255    255    0 2147483647
  0.49    -32768    -32768 -32768 -32768 -32768 -32768    255    255    255    255    0 2147483647
  0.51    -32768    -32768 -32768 -32768 -32768 -32768    255    255    255    255    0 2147483647
  0.53    -32768    -32768 -32768 -32768 -32768 -32768    255    255    255    255    0 2147483647
  0.55    -32768    -32768 -32768 -32768 -32768 -32768    255    255    255    255    0 2147483647
  0.57    -32768    -32768 -32768 -32768 -32768 -32768    255    255    255    255    0 2147483647
  0.59    -32768    -32768 -32768 -32768 -32768 -32768    255    255    255    255    0 2147483647
  0.61    -32768    -32768 -32768 -32768 -32768 -32768    255    255    255    255    0 2147483647
  0.63    -32768    -32768 -32768 -32768 -32768 -32768    255    255    255    255    0 2147483647
  0.65    -32768    -32768 -32768 -32768 -32768 -32768    255    255    255    255    0 2147483647
  0.67    -32768    -32768 -32768 -32768 -32768 -32768    255    255    255    255    0 2147483647
  0.69    -32768    -32768 -32768 -32768 -32768 -32768    255    255    255    255    0 2147483647
  0.71    -32768    -32768 -32768 -32768 -32768 -32768    255    255    255    255    0 2147483647
  0.73    -32768    -32768 -32768 -32768 -32768 -32768    255    255    255    255    0 2147483647
18 5 29 6 32 16 44   146      1    3.520   -1.520  306.920   14.500 
-31.81    39.91     2.40     0.20     0.00     0.00     0.00     0.00     0.40     0.41     0.46     0.41 
3.73        15.39         2.67        -1.98         3.33
30000.0000000 30000.0000000 -32768   -32768         0.0
0.2           0.2           0.1           0.0           1.0           0.0           0.5  0.15   0.31
30 cm BT dB 0.44  1.056
  0.15     68.30     30.70   34.9   58.7    1.6   -5.3   61.2   63.0   67.4   71.4  100       0.01
  0.17     37.83     58.81   32.4   19.6    3.6   15.1   61.2   62.6   66.5   71.9  100       0.00
  0.19     78.36     24.09   32.0   71.5   20.0   35.0   58.2   64.4   67.5   71.5  100       0.01
  0.21    101.04     53.18   80.9   60.5   15.5   51.4   60.4   61.8   64.4   71.5  100       0.01
  0.23     29.43     93.99   29.4   -2.0    6.6   -9.8   58.3   60.9   65.4   68.0  100       0.00
  0.25     94.06     45.54   67.1   65.9   10.5  -47.5   59.2   63.2   64.5   68.9  100       0.01
  0.27     74.70     22.98   29.2   68.8    8.6   23.7   58.4   61.5   65.4   70.8  100       0.01
  0.29     72.35     25.84   31.5   65.1    9.0  -24.7   59.3   62.4   65.5   68.1  100       0.01
  0.31     62.97     51.64   49.4   39.1    0.1    1.4   57.6   60.7   66.4   70.0  100       0.01
  0.33    -32768    -32768 -32768 -32768 -32768 -32768    255    255    255    255    0 2147483647
  0.35    -32768    -32768 -32768 -32768 -32768 -32768    255    255    255    255    0 2147483647
  0.37    -32768    -32768 -32768 -32768 -32768 -32768    255    255    255    255    0 2147483647
  0.39    -32768    -32768 -32768 -32768 -32768 -32768    255    255    255    255    0 2147483647
  0.41    -32768    -32768 -32768 -32768 -32768 -32768    255    255    255    255    0 2147483647
  0.43    -32768    -32768 -32768 -32768 -32768 -32768    255    255    255    255    0 2147483647
  0.45    -32768    -32768 -32768 -32768 -32768 -32768    255    255    255    255    0 2147483647
  0.47    -32768    -32768 -32768 -32768 -32768 -32768    255    255    255    255    0 2147483647
  0.49    -32768    -32768 -32768 -32768 -32768 -32768    255    255    255    255    0 2147483647
  0.51    -32768    -32768 -32768 -32768 -32768 -32768    255    255    255    255    0 2147483647
  0.53    -32768    -32768 -32768 -32768 -32768 -32768    255    255    255    255    0 2147483647
  0.55    -32768    -32768 -32768 -32768 -32768 -32768    255    255    255    255    0 2147483647
  0.57    -32768    -32768 -32768 -32768 -32768 -32768    255    255    255    255    0 2147483647
  0.59    -32768    -32768 -32768 -32768 -32768 -32768    255    255    255    255    0 2147483647
  0.61    -32768    -32768 -32768 -32768 -32768 -32768    255    255    255    255    0 2147483647
  0.63    -32768    -32768 -32768 -32768 -32768 -32768    255    255    255    255    0 2147483647
  0.65    -32768    -32768 -32768 -32768 -32768 -32768    255    255    255    255    0 2147483647
  0.67    -32768    -32768 -32768 -32768 -32768 -32768    255    255    255    255    0 2147483647
  0.69    -32768    -32768 -32768 -32768 -32768 -32768    255    255    255    255    0 2147483647
  0.71    -32768    -32768 -32768 -32768 -32768 -32768    255    255    255    255    0 2147483647
  0.73    -32768    -32768 -32768 -32768 -32768 -32768    255    255    255    255    0 2147483647
18 5 29 6 32 17 58   147      1    3.090    2.720  309.650   14.560 
-18.77    32.83     2.90     1.00     0.00     0.00     0.00     0.00     0.47     0.38     0.43     0.42 
4.16        16.53         3.05        -2.19         3.75
30000.0000000 30000.0000000 -32768   -32768         0.0
0.2           0.3           0.1           0.1           1.0           0.0           0.5  0.15   0.29
30 cm BT dB 0.44  1.054
  0.15    101.21     58.98   86.7   52.2   -4.6   13.6   58.1   64.3   66.9   72.7  100       0.01
  0.17     86.68     18.06   26.9   82.4    2.2  -15.2   59.5   61.7   67.0   70.1  100       0.01
  0.19    103.19     52.76   82.1   62.4   -5.1   13.4   59.5   61.7   67.0   71.9  100       0.01
  0.21     90.11     40.67   58.7   68.4   -8.2   -1.3   60.4   61.8   64.9   69.7  100       0.01
  0.23     76.56     57.68   64.7   40.9    4.1   23.1   59.1   63.1   64.5   70.2  100       0.01
  0.25    118.00     39.94   75.8   90.5    2.1   23.2   58.3   60.1   63.6   71.1  100       0.01
  0.27     53.42     49.68   40.7   34.6    1.5    7.8   60.1   60.1   63.2   67.2  100       0.00
  0.29    102.15     21.92   38.1   94.8    7.5   21.1   58.8   59.7   64.2   70.8  100       0.01
  0.31    -32768    -32768 -32768 -32768 -32768 -32768    255    255    255    255    0 2147483647
  0.33    -32768    -32768 -32768 -32768 -32768 -32768    255    255    255    255    0 2147483647
  0.35    -32768    -32768 -32768 -32768 -32768 -32768    255    255    255    255    0 2147483647
  0.37    -32768    -32768 -32768 -32768 -32768 -32768    255    255    255    255    0 2147483647
  0.39    -32768    -32768 -32768 -32768 -32768 -32768    255    255    255    255    0 2147483647
  0.41    -32768    -32768 -32768 -32768 -32768 -32768    255    255    255    255    0 2147483647
  0.43    -32768    -32768 -32768 -32768 -32768 -32768    255    255    255    255    0 2147483647
  0.45    -32768    -32768 -32768 -32768 -32768 -32768    255    255    255    255    0 2147483647
  0.47    -32768    -32768 -32768 -32768 -32768 -32768    255    255    255    255    0 2147483647
  0.49    -32768    -32768 -32768 -32768 -32768 -32768    255    255    255    255    0 2147483647
  0.51    -32768    -32768 -32768 -32768 -32768 -32768    255    255    255    255    0 2147483647
  0.53    -32768    -32768 -32768 -32768 -32768 -32768    255    255    255    255    0 2147483647
  0.55    -32768    -32768 -32768 -32768 -32768 -32768    255    255    255    255    0 2147483647
  0.57    -32768    -32768 -32768 -32768 -32768 -32768    255    255    255    255    0 2147483647
  0.59    -32768    -32768 -32768 -32768 -32768 -32768    255    255    255    255    0 2147483647
  0.61    -32768    -32768 -32768 -32768 -32768 -32768    255    255    255    255    0 2147483647
  0.63    -32768    -32768 -32768 -32768 -32768 -32768    255    255    255    255    0 2147483647
  0.65    -32768    -32768 -32768 -32768 -32768 -32768    255    255    255    255    0 2147483647
  0.67    -32768    -32768 -32768 -32768 -32768 -32768    255    255    255    255    0 2147483647
  0.69    -32768    -32768 -32768 -32768 -32768 -32768    255    255    255    255    0 2147483647
  0.71    -32768    -32768 -32768 -32768 -32768 -32768    255    255    255    255    0 2147483647
  0.73    -32768    -32768 -32768 -32768 -32768 -32768    255    255    255    255    0 2147483647
18 5 29 6 32 18 72   148      1    3.460    4.220  282.440   14.500 
-26.70     3.84    -1.30    -0.50     0.00     0.00     0.00     0.00     0.44     0.39     0.38     0.36 
4.47        17.67         3.09        -2.50         3.97
30000.0000000 30000.0000000 -32768   -32768         0.0
0.3           0.3           0.2           0.1           1.0           0.0           0.5  0.15   0.27
30 cm BT dB 0.44  1.056
  0.15     72.28     25.88   31.5   65.0  -16.2   21.0   62.5   61.2   64.7   74.0  100       0.00
  0.17    100.79      1.92    3.4  100.7   -4.1  -32.5   59.0   61.2   63.5   73.2  100       0.01
  0.19     59.13     29.25   28.9   51.6   -9.0  -16.9   63.1   61.3   65.3   72.3  100       0.00
  0.21     90.72    357.36   -4.2   90.6    9.2   16.6   57.8   62.7   63.5   73.7  100       0.01
  0.23     97.25     44.07   67.6   69.9   -8.7    7.6   56.9   60.5   63.1   71.1  100       0.00
  0.25     57.84     22.20   21.8   53.6    3.9  -16.2   57.9   61.4   64.5   71.6  100       0.00
  0.27     48.88     21.98   18.3   45.3   -1.6   19.5   55.3   61.0   63.2   71.6  100       0.00
  0.29    -32768    -32768 -32768 -32768 -32768 -32768    255    255    255    255    0 2147483647
  0.31    -32768    -32768 -32768 -32768 -32768 -32768    255    255    255    255    0 2147483647
  0.33    -32768    -32768 -32768 -32768 -32768 -32768    255    255    255    255    0 2147483647
  0.35    -32768    -32768 -32768 -32768 -32768 -32768    255    255    255    255    0 2147483647
  0.37    -32768    -32768 -32768 -32768 -32768 -32768    255    255    255    255    0 2147483647
  0.39    -32768    -32768 -32768 -32768 -32768 -32768    255    255    255    255    0 2147483647
  0.41    -32768    -32768 -32768 -32768 -32768 -32768    255    255    255    255    0 2147483647
  0.43    -32768    -32768 -32768 -32768 -32768 -32768    255    255    255    255    0 2147483647
  0.45    -32768    -32768 -32768 -32768 -32768 -32768    255    255    255    255    0 2147483647
  0.47    -32768    -32768 -32768 -32768 -32768 -32768    255    255    255    255    0 2147483647
  0.49    -32768    -32768 -32768 -32768 -32768 -32768    255    255    255    255    0 2147483647
  0.51    -32768    -32768 -32768 -32768 -32768 -32768    255    255    255    255    0 2147483647
  0.53    -32768    -32768 -32768 -32768 -32768 -32768    255    255    255    255    0 2147483647
  0.55    -32768    -32768 -32768 -32768 -32768 -32768    255    255    255    255    0 2147483647
  0.57    -32768    -32768 -32768 -32768 -32768 -32768    255    255    255    255    0 2147483647
  0.59    -32768    -32768 -32768 -32768 -32768 -32768    255    255    255    255    0 2147483647
  0.61    -32768    -32768 -32768 -32768 -32768 -32768    255    255    255    255    0 2147483647
  0.63    -32768    -32768 -32768 -32768 -32768 -32768    255    255    255    255    0 2147483647
  0.65    -32768    -32768 -32768 -32768 -32768 -32768    255    255    255    255    0 2147483647
  0.67    -32768    -32768 -32768 -32768 -32768 -32768    255    255    255    255    0 2147483647
  0.69    -32768    -32768 -32768 -32768 -32768 -32768    255    255    255    255    0 2147483647
  0.71    -32768    -32768 -32768 -32768 -32768 -32768    255    255    255    255    0 2147483647
  0.73    -32768    -32768 -32768 -32768 -32768 -32768    255    255    255    255    0 2147483647
18 5 29 6 32 19 86   149      1    2.940    3.410  275.770   14.500 
-22.62     2.89    -4.70     3.90     0.00     0.00     0.00     0.00     0.45     0.39     0.43     0.35 
4.73        18.81         3.13        -2.75         4.17
30000.0000000 30000.0000000 -32768   -32768         0.0
0.3           0.3           0.2           0.1           1.0           0.0           0.5  0.15   0.27
30 cm BT dB 0.44  1.056
  0.15     55.95     47.58   41.3   37.7   -2.3  -42.6   61.2   59.0   66.5   71.4  100       0.00
  0.17     63.29     62.63   56.2   29.1   -0.2  -12.9   60.8   60.4   65.7   69.2  100       0.00
  0.19     29.58     48.30   22.1   19.7   -3.6   17.0   59.1   61.3   64.8   68.8  100       0.00
  0.21     51.61     82.33   51.2    6.9   -7.1  -25.1   58.7   60.0   65.3   71.9  100       0.00
  0.23     28.24      2.73    1.3   28.2   -7.4    6.0   58.7   63.1   64.9   69.8  100       0.00
  0.25     29.87    331.55  -14.2   26.3    5.1  -11.1   57.9   59.2   65.4   68.5  100       0.00
  0.27     80.54     58.39   68.6   42.2   -3.0   21.8   57.0   60.6   65.4   69.0  100       0.00
  0.29    -32768    -32768 -32768 -32768 -32768 -32768    255    255    255    255    0 2147483647
  0.31    -32768    -32768 -32768 -32768 -32768 -32768    255    255    255    255    0 2147483647
  0.33    -32768    -32768 -32768 -32768 -32768 -32768    255    255    255    255    0 2147483647
  0.35    -32768    -32768 -32768 -32768 -32768 -32768    255    255    255    255    0 2147483647
  0.37    -32768    -32768 -32768 -32768 -32768 -32768    255    255    255    255    0 2147483647
  0.39    -32768    -32768 -32768 -32768 -32768 -32768    255    255    255    255    0 2147483647
  0.41    -32768    -32768 -32768 -32768 -32768 -32768    255    255    255    255    0 2147483647
  0.43    -32768    -32768 -32768 -32768 -32768 -32768    255    255    255    255    0 2147483647
  0.45    -32768    -32768 -32768 -32768 -32768 -32768    255    255    255    255    0 2147483647
  0.47    -32768    -32768 -32768 -32768 -32768 -32768    255    255    255    255    0 2147483647
  0.49    -32768    -32768 -32768 -32768 -32768 -32768    255    255    255    255    0 2147483647
  0.51    -32768    -32768 -32768 -32768 -32768 -32768    255    255    255    255    0 2147483647
  0.53    -32768    -32768 -32768 -32768 -32768 -32768    255    255    255    255    0 2147483647
  0.55    -32768    -32768 -32768 -32768 -32768 -32768    255    255    255    255    0 2147483647
  0.57    -32768    -32768 -32768 -32768 -32768 -32768    255    255    255    255    0 2147483647
  0.59    -32768    -32768 -32768 -32768 -32768 -32768    255    255    255    255    0 2147483647
  0.61    -32768    -32768 -32768 -32768 -32768 -32768    255    255    255    255    0 2147483647
  0.63    -32768    -32768 -32768 -32768 -32768 -32768    255    255    255    255    0 2147483647
  0.65    -32768    -32768 -32768 -32768 -32768 -32768    255    255    255    255    0 2147483647
  0.67    -32768    -32768 -32768 -32768 -32768 -32768    255    255    255    255    0 2147483647
  0.69    -32768    -32768 -32768 -32768 -32768 -32768    255    255    255    255    0 2147483647
  0.71    -32768    -32768 -32768 -32768 -32768 -32768    255    255    255    255    0 2147483647
  0.73    -32768    -32768 -32768 -32768 -32768 -32768    255    255    255    255    0 2147483647
18 5 29 6 32 20 97   150      1    0.420    0.890  278.550   14.560 
-25.33     9.77     0.20     1.30     0.00     0.00     0.00     0.00     0.40     0.37     0.38     0.38 
5.03        19.92         3.23        -3.03         4.43
30000.0000000 30000.0000000 -32768   -32768         0.0
0.3           0.3           0.2           0.1           1.0           0.0           0.5  0.15   0.29
30 cm BT dB 0.44  1.054
  0.15     90.95      4.33    6.9   90.7   -6.4    8.2   58.1   63.4   66.5   73.1  100       0.01
  0.17     26.94      5.57    2.6   26.8   -1.7  -56.3   58.1   61.7   64.3   74.9  100       0.00
  0.19     47.72      3.02    2.5   47.7   -7.9   21.3   59.5   63.0   67.5   70.1  100       0.00
  0.21     44.43     10.74    8.3   43.7    5.8  -20.2   58.7   61.8   64.4   69.7  100       0.00
  0.23     91.19     20.83   32.4   85.2   -9.5  -33.7   58.7   61.4   66.2   68.9  100       0.01
  0.25     73.24     58.42   62.4   38.3    1.6  -12.4   61.0   60.1   63.6   67.2  100       0.00
  0.27     40.86     80.29   40.3    6.9    3.7  -24.8   57.5   59.2   64.1   70.3  100       0.00
  0.29     23.00     33.22   12.6   19.2    6.1   20.1   59.3   59.7   62.8   70.3  100       0.00
  0.31    -32768    -32768 -32768 -32768 -32768 -32768    255    255    255    255    0 2147483647
  0.33    -32768    -32768 -32768 -32768 -32768 -32768    255    255    255    255    0 2147483647
  0.35    -32768    -32768 -32768 -32768 -32768 -32768    255    255    255    255    0 2147483647
  0.37    -32768    -32768 -32768 -32768 -32768 -32768    255    255    255    255    0 2147483647
  0.39    -32768    -32768 -32768 -32768 -32768 -32768    255    255    255    255    0 2147483647
  0.41    -32768    -32768 -32768 -32768 -32768 -32768    255    255    255    255    0 2147483647
  0.43    -32768    -32768 -32768 -32768 -32768 -32768    255    255    255    255    0 2147483647
  0.45    -32768    -32768 -32768 -32768 -32768 -32768    255    255    255    255    0 2147483647
  0.47    -32768    -32768 -32768 -32768 -32768 -32768    255    255    255    255    0 2147483647
  0.49    -32768    -32768 -32768 -32768 -32768 -32768    255    255    255    255    0 2147483647
  0.51    -32768    -32768 -32768 -32768 -32768 -32768    255    255    255    255    0 2147483647
  0.53    -32768    -32768 -32768 -32768 -32768 -32768    255    255    255    255    0 2147483647
  0.55    -32768    -32768 -32768 -32768 -32768 -32768    255    255    255    255    0 2147483647
  0.57    -32768    -32768 -32768 -32768 -32768 -32768    255    255    255    255    0 2147483647
  0.59    -32768    -32768 -32768 -32768 -32768 -32768    255    255    255    255    0 2147483647
  0.61    -32768    -32768 -32768 -32768 -32768 -32768    255    255    255    255    0 2147483647
  0.63    -32768    -32768 -32768 -32768 -32768 -32768    255    255    255    255    0 2147483647
  0.65    -32768    -32768 -32768 -32768 -32768 -32768    255    255    255    255    0 2147483647
  0.67    -32768    -32768 -32768 -32768 -32768 -32768    255    255    255    255    0 2147483647
  0.69    -32768    -32768 -32768 -32768 -32768 -32768    255    255    255    255    0 2147483647
  0.71    -32768    -32768 -32768 -32768 -32768 -32768    255    255    255    255    0 2147483647
  0.73    -32768    -32768 -32768 -32768 -32768 -32768    255    255    255    255    0 2147483647
18 5 29 6 32 22 11   151      1    1.620    2.160  276.100   14.500 
-17.94     9.96     0.10     0.70     0.00     0.00     0.00     0.00     0.38     0.39     0.39     0.39 
5.26        21.06         3.35        -3.24         4.66
30000.0000000 30000.0000000 -32768   -32768         0.0
0.3           0.4           0.2           0.1           1.0           0.0           0.5  0.15   0.29
30 cm BT dB 0.44  1.056
  0.15     73.86     67.11   68.0   28.7    1.2  -12.4   62.1   63.4   64.7   70.5  100       0.00
  0.17     58.21     45.31   41.4   40.9    2.8  -14.3   59.0   65.7   63.0   67.9  100       0.00
  0.19     46.27     46.19   33.4   32.0    4.2    6.0   60.0   63.5   66.2   68.8  100       0.00
  0.21     54.42     40.32   35.2   41.5    5.7    1.5   58.7   59.6   65.3   70.2  100       0.00
  0.23     41.97     37.56   25.6   33.3   -5.7   -3.6   59.6   59.6   64.0   71.1  100       0.00
  0.25     55.98     36.47   33.3   45.0   -4.9  -13.5   57.9   59.2   63.6   70.7  100       0.00
  0.27     82.29     69.85   77.3   28.4   -6.2    1.1   58.8   59.2   63.7   70.3  100       0.00
  0.29     20.58     50.51   15.9   13.1    5.2    1.7   58.0   59.7   64.2   69.9  100       0.00
  0.31    -32768    -32768 -32768 -32768 -32768 -32768    255    255    255    255    0 2147483647
  0.33    -32768    -32768 -32768 -32768 -32768 -32768    255    255    255    255    0 2147483647
  0.35    -32768    -32768 -32768 -32768 -32768 -32768    255    255    255    255    0 2147483647
  0.37    -32768    -32768 -32768 -32768 -32768 -32768    255    255    255    255    0 2147483647
  0.39    -32768    -32768 -32768 -32768 -32768 -32768    255    255    255    255    0 2147483647
  0.41    -32768    -32768 -32768 -32768 -32768 -32768    255    255    255    255    0 2147483647
  0.43    -32768    -32768 -32768 -32768 -32768 -32768    255    255    255    255    0 2147483647
  0.45    -32768    -32768 -32768 -32768 -32768 -32768    255    255    255    255    0 2147483647
  0.47    -32768    -32768 -32768 -32768 -32768 -32768    255    255    255    255    0 2147483647
  0.49    -32768    -32768 -32768 -32768 -32768 -32768    255    255    255    255    0 2147483647
  0.51    -32768    -32768 -32768 -32768 -32768 -32768    255    255    255    255    0 2147483647
  0.53    -32768    -32768 -32768 -32768 -32768 -32768    255    255    255    255    0 2147483647
  0.55    -32768    -32768 -32768 -32768 -32768 -32768    255    255    255    255    0 2147483647
  0.57    -32768    -32768 -32768 -32768 -32768 -32768    255    255    255    255    0 2147483647
  0.59    -32768    -32768 -32768 -32768 -32768 -32768    255    255    255    255    0 2147483647
  0.61    -32768    -32768 -32768 -32768 -32768 -32768    255    255    255    255    0 2147483647
  0.63    -32768    -32768 -32768 -32768 -32768 -32768    255    255    255    255    0 2147483647
  0.65    -32768    -32768 -32768 -32768 -32768 -32768    255    255    255    255    0 2147483647
  0.67    -32768    -32768 -32768 -32768 -32768 -32768    255    255    255    255    0 2147483647
  0.69    -32768    -32768 -32768 -32768 -32768 -32768    255    255    255    255    0 2147483647
  0.71    -32768    -32768 -32768 -32768 -32768 -32768    255    255    255    255    0 2147483647
  0.73    -32768    -32768 -32768 -32768 -32768 -32768    255    255    255    255    0 2147483647
18 5 29 6 32 23 25   152      1    0.940    1.180  274.470   14.500 
-10.25    13.84     0.70     0.40     0.00     0.00     0.00     0.00     0.42     0.37     0.39     0.38 
5.46        22.20         3.51        -3.36         4.85
30000.0000000 30000.0000000 -32768   -32768         0.0
0.3           0.4           0.2           0.1           1.0           0.0           0.5  0.15   0.29
30 cm BT dB 0.44  1.056
  0.15     56.70     76.71   55.2   13.0    5.5  -12.3   57.2   63.0   63.4   70.9  100       0.00
  0.17     58.28     37.07   35.1   46.5   -3.9  -17.8   59.0   59.0   64.3   71.4  100       0.00
  0.19     17.50    303.52  -14.6    9.7    0.3   13.6   58.6   60.8   64.8   71.5  100      -0.00
  0.21     25.99    263.38  -25.8   -3.0   -3.0  -25.6   59.6   60.0   64.9   71.5  100      -0.00
  0.23     71.35     44.30   49.8   51.1   -0.4    5.9   59.6   60.5   63.6   72.0  100       0.00
  0.25     40.11     10.34    7.2   39.5    7.9   11.4   58.3   61.0   66.3   70.3  100       0.00
  0.27     58.16     43.47   40.0   42.2   -3.7   30.8   59.7   61.0   65.4   72.1  100       0.00
  0.29    163.05    345.72  -40.2  158.0  -24.0   -1.6   59.3   60.2   62.8   69.9  100       0.00
  0.31    -32768    -32768 -32768 -32768 -32768 -32768    255    255    255    255    0 2147483647
  0.33    -32768    -32768 -32768 -32768 -32768 -32768    255    255    255    255    0 2147483647
  0.35    -32768    -32768 -32768 -32768 -32768 -32768    255    255    255    255    0 2147483647
  0.37    -32768    -32768 -32768 -32768 -32768 -32768    255    255    255    255    0 2147483647
  0.39    -32768    -32768 -32768 -32768 -32768 -32768    255    255    255    255    0 2147483647
  0.41    -32768    -32768 -32768 -32768 -32768 -32768    255    255    255    255    0 2147483647
  0.43    -32768    -32768 -32768 -32768 -32768 -32768    255    255    255    255    0 2147483647
  0.45    -32768    -32768 -32768 -32768 -32768 -32768    255    255    255    255    0 2147483647
  0.47    -32768    -32768 -32768 -32768 -32768 -32768    255    255    255    255    0 2147483647
  0.49    -32768    -32768 -32768 -32768 -32768 -32768    255    255    255    255    0 2147483647
  0.51    -32768    -32768 -32768 -32768 -32768 -32768    255    255    255    255    0 2147483647
  0.53    -32768    -32768 -32768 -32768 -32768 -32768    255    255    255    255    0 2147483647
  0.55    -32768    -32768 -32768 -32768 -32768 -32768    255    255    255    255    0 2147483647
  0.57    -32768    -32768 -32768 -32768 -32768 -32768    255    255    255    255    0 2147483647
  0.59    -32768    -32768 -32768 -32768 -32768 -32768    255    255    255    255    0 2147483647
  0.61    -32768    -32768 -32768 -32768 -32768 -32768    255    255    255    255    0 2147483647
  0.63    -32768    -32768 -32768 -32768 -32768 -32768    255    255    255    255    0 2147483647
  0.65    -32768    -32768 -32768 -32768 -32768 -32768    255    255    255    255    0 2147483647
  0.67    -32768    -32768 -32768 -32768 -32768 -32768    255    255    255    255    0 2147483647
  0.69    -32768    -32768 -32768 -32768 -32768 -32768    255    255    255    255    0 2147483647
  0.71    -32768    -32768 -32768 -32768 -32768 -32768    255    255    255    255    0 2147483647
  0.73    -32768    -32768 -32768 -32768 -32768 -32768    255    255    255    255    0 2147483647
18 5 29 6 32 24 53   153      1    2.930    1.960  275.000   14.500 
-13.93    19.79     0.90     1.30     0.00     0.00     0.00     0.00     0.42     0.36     0.37     0.35 
5.77        23.48         3.76        -3.53         5.16
30000.0000000 30000.0000000 -32768   -32768         0.0
0.3           0.4           0.2           0.1           1.0           0.0           0.5  0.15   0.27
30 cm BT dB 0.44  1.056
  0.15     18.96      0.46    0.2   19.0   10.1    8.1   61.2   60.7   62.5   68.7  100       0.00
  0.17     44.46     60.63   38.7   21.8    8.1    2.2   58.1   60.4   63.0   69.2  100       0.00
  0.19     63.53      3.38    3.7   63.4    4.6   31.3   58.2   60.8   62.2   68.4  100       0.00
  0.21     28.05     43.34   19.3   20.4    2.7   11.9   57.8   58.7   64.4   68.4  100       0.00
  0.23     22.03     37.39   13.4   17.5   11.9    7.7   57.4   60.5   63.1   69.8  100       0.00
  0.25     47.52    348.24   -9.7   46.5    0.7    4.8   57.0   60.5   65.8   69.4  100       0.00
  0.27     26.97     54.81   22.0   15.5   13.1  -47.4   59.2   58.4   62.8   69.0  100       0.00
  0.29    -32768    -32768 -32768 -32768 -32768 -32768    255    255    255    255    0 2147483647
  0.31    -32768    -32768 -32768 -32768 -32768 -32768    255    255    255    255    0 2147483647
  0.33    -32768    -32768 -32768 -32768 -32768 -32768    255    255    255    255    0 2147483647
  0.35    -32768    -32768 -32768 -32768 -32768 -32768    255    255    255    255    0 2147483647
  0.37    -32768    -32768 -32768 -32768 -32768 -32768    255    255    255    255    0 2147483647
  0.39    -32768    -32768 -32768 -32768 -32768 -32768    255    255    255    255    0 2147483647
  0.41    -32768    -32768 -32768 -32768 -32768 -32768    255    255    255    255    0 2147483647
  0.43    -32768    -32768 -32768 -32768 -32768 -32768    255    255    255    255    0 2147483647
  0.45    -32768    -32768 -32768 -32768 -32768 -32768    255    255    255    255    0 2147483647
  0.47    -32768    -32768 -32768 -32768 -32768 -32768    255    255    255    255    0 2147483647
  0.49    -32768    -32768 -32768 -32768 -32768 -32768    255    255    255    255    0 2147483647
  0.51    -32768    -32768 -32768 -32768 -32768 -32768    255    255    255    255    0 2147483647
  0.53    -32768    -32768 -32768 -32768 -32768 -32768    255    255    255    255    0 2147483647
  0.55    -32768    -32768 -32768 -32768 -32768 -32768    255    255    255    255    0 2147483647
  0.57    -32768    -32768 -32768 -32768 -32768 -32768    255    255    255    255    0 2147483647
  0.59    -32768    -32768 -32768 -32768 -32768 -32768    255    255    255    255    0 2147483647
  0.61    -32768    -32768 -32768 -32768 -32768 -32768    255    255    255    255    0 2147483647
  0.63    -32768    -32768 -32768 -32768 -32768 -32768    255    255    255    255    0 2147483647
  0.65    -32768    -32768 -32768 -32768 -32768 -32768    255    255    255    255    0 2147483647
  0.67    -32768    -32768 -32768 -32768 -32768 -32768    255    255    255    255    0 2147483647
  0.69    -32768    -32768 -32768 -32768 -32768 -32768    255    255    255    255    0 2147483647
  0.71    -32768    -32768 -32768 -32768 -32768 -32768    255    255    255    255    0 2147483647
  0.73    -32768    -32768 -32768 -32768 -32768 -32768    255    255    255    255    0 2147483647
18 5 29 6 32 25 67   154      1    4.090    0.810  293.560   14.500 
-27.57    21.84     4.30     1.40     0.00     0.00     0.00     0.00     0.37     0.31     0.37     0.38 
6.17        24.62         4.01        -3.85         5.56
30000.0000000 30000.0000000 -32768   -32768         0.0
0.3           0.4           0.2           0.1           1.0           0.0           0.5  0.15   0.23
30 cm BT dB 0.44  1.056
  0.15     28.94     75.86   28.1    7.1   18.8  -26.1   58.1   61.6   66.9   70.0  100       0.00
  0.17     52.32     78.44   51.3   10.5    2.5   25.5   58.6   60.4   66.1   70.5  100       0.00
  0.19    -32768    -32768 -32768 -32768 -32768 -32768   58.6   59.5   63.5   70.1    0       0.00
  0.21     34.43     84.17   34.3    3.5   15.9   42.3   56.9   60.9   64.9   68.9  100       0.00
  0.23     42.22    140.31   27.0  -32.5   10.2   47.0   57.8   58.7   62.3   66.7  100      -0.00
  0.25    -32768    -32768 -32768 -32768 -32768 -32768    255    255    255    255    0 2147483647
  0.27    -32768    -32768 -32768 -32768 -32768 -32768    255    255    255    255    0 2147483647
  0.29    -32768    -32768 -32768 -32768 -32768 -32768    255    255    255    255    0 2147483647
  0.31    -32768    -32768 -32768 -32768 -32768 -32768    255    255    255    255    0 2147483647
  0.33    -32768    -32768 -32768 -32768 -32768 -32768    255    255    255    255    0 2147483647
  0.35    -32768    -32768 -32768 -32768 -32768 -32768    255    255    255    255    0 2147483647
  0.37    -32768    -32768 -32768 -32768 -32768 -32768    255    255    255    255    0 2147483647
  0.39    -32768    -32768 -32768 -32768 -32768 -32768    255    255    255    255    0 2147483647
  0.41    -32768    -32768 -32768 -32768 -32768 -32768    255    255    255    255    0 2147483647
  0.43    -32768    -32768 -32768 -32768 -32768 -32768    255    255    255    255    0 2147483647
  0.45    -32768    -32768 -32768 -32768 -32768 -32768    255    255    255    255    0 2147483647
  0.47    -32768    -32768 -32768 -32768 -32768 -32768    255    255    255    255    0 2147483647
  0.49    -32768    -32768 -32768 -32768 -32768 -32768    255    255    255    255    0 2147483647
  0.51    -32768    -32768 -32768 -32768 -32768 -32768    255    255    255    255    0 2147483647
  0.53    -32768    -32768 -32768 -32768 -32768 -32768    255    255    255    255    0 2147483647
  0.55    -32768    -32768 -32768 -32768 -32768 -32768    255    255    255    255    0 2147483647
  0.57    -32768    -32768 -32768 -32768 -32768 -32768    255    255    255    255    0 2147483647
  0.59    -32768    -32768 -32768 -32768 -32768 -32768    255    255    255    255    0 2147483647
  0.61    -32768    -32768 -32768 -32768 -32768 -32768    255    255    255    255    0 2147483647
  0.63    -32768    -32768 -32768 -32768 -32768 -32768    255    255    255    255    0 2147483647
  0.65    -32768    -32768 -32768 -32768 -32768 -32768    255    255    255    255    0 2147483647
  0.67    -32768    -32768 -32768 -32768 -32768 -32768    255    255    255    255    0 2147483647
  0.69    -32768    -32768 -32768 -32768 -32768 -32768    255    255    255    255    0 2147483647
  0.71    -32768    -32768 -32768 -32768 -32768 -32768    255    255    255    255    0 2147483647
  0.73    -32768    -32768 -32768 -32768 -32768 -32768    255    255    255    255    0 2147483647
18 5 29 6 32 26 83   155      1    2.620    4.770  281.040   14.500 
-21.33    -2.26    -0.80    -1.70     0.00     0.00     0.00     0.00     0.39     0.33     0.35     0.32 
6.42        25.78         3.98        -4.10         5.71
30000.0000000 30000.0000000 -32768   -32768         0.0
0.3           0.4           0.2           0.1           1.0           0.0           0.5  0.15   0.23
30 cm BT dB 0.44  1.056
  0.15     51.86     42.16   34.8   38.4  -11.9   -6.9   61.6   59.9   65.2   70.5  100       0.00
  0.17     37.45     66.37   34.3   15.0   -5.6   -7.7   59.9   59.9   63.0   68.3  100       0.00
  0.19     37.91     61.18   33.2   18.3    3.2  -11.9   60.4   60.8   61.7   68.8  100       0.00
  0.21     53.71     11.89   11.1   52.6    0.0  -17.8   59.6   56.9   63.5   72.8  100       0.00
  0.23     43.44     33.65   24.1   36.2    3.8  -16.5   54.7   60.9   61.4   70.7  100       0.00
  0.25    -32768    -32768 -32768 -32768 -32768 -32768    255    255    255    255    0 2147483647
  0.27    -32768    -32768 -32768 -32768 -32768 -32768    255    255    255    255    0 2147483647
  0.29    -32768    -32768 -32768 -32768 -32768 -32768    255    255    255    255    0 2147483647
  0.31    -32768    -32768 -32768 -32768 -32768 -32768    255    255    255    255    0 2147483647
  0.33    -32768    -32768 -32768 -32768 -32768 -32768    255    255    255    255    0 2147483647
  0.35    -32768    -32768 -32768 -32768 -32768 -32768    255    255    255    255    0 2147483647
  0.37    -32768    -32768 -32768 -32768 -32768 -32768    255    255    255    255    0 2147483647
  0.39    -32768    -32768 -32768 -32768 -32768 -32768    255    255    255    255    0 2147483647
  0.41    -32768    -32768 -32768 -32768 -32768 -32768    255    255    255    255    0 2147483647
  0.43    -32768    -32768 -32768 -32768 -32768 -32768    255    255    255    255    0 2147483647
  0.45    -32768    -32768 -32768 -32768 -32768 -32768    255    255    255    255    0 2147483647
  0.47    -32768    -32768 -32768 -32768 -32768 -32768    255    255    255    255    0 2147483647
  0.49    -32768    -32768 -32768 -32768 -32768 -32768    255    255    255    255    0 2147483647
  0.51    -32768    -32768 -32768 -32768 -32768 -32768    255    255    255    255    0 2147483647
  0.53    -32768    -32768 -32768 -32768 -32768 -32768    255    255    255    255    0 2147483647
  0.55    -32768    -32768 -32768 -32768 -32768 -32768    255    255    255    255    0 2147483647
  0.57    -32768    -32768 -32768 -32768 -32768 -32768    255    255    255    255    0 2147483647
  0.59    -32768    -32768 -32768 -32768 -32768 -32768    255    255    255    255    0 2147483647
  0.61    -32768    -32768 -32768 -32768 -32768 -32768    255    255    255    255    0 2147483647
  0.63    -32768    -32768 -32768 -32768 -32768 -32768    255    255    255    255    0 2147483647
  0.65    -32768    -32768 -32768 -32768 -32768 -32768    255    255    255    255    0 2147483647
  0.67    -32768    -32768 -32768 -32768 -32768 -32768    255    255    255    255    0 2147483647
  0.69    -32768    -32768 -32768 -32768 -32768 -32768    255    255    255    255    0 2147483647
  0.71    -32768    -32768 -32768 -32768 -32768 -32768    255    255    255    255    0 2147483647
  0.73    -32768    -32768 -32768 -32768 -32768 -32768    255    255    255    255    0 2147483647
18 5 29 6 32 28 3   156      1    0.860    3.190  272.450   14.500 
-20.99    -6.31    -0.90     0.20     0.00     0.00     0.00     0.00     0.36     0.33     0.33     0.33 
6.68        26.98         3.91        -4.35         5.84
30000.0000000 30000.0000000 -32768   -32768         0.0
0.4           0.4           0.2           0.1           1.0           0.0           0.5  0.15   0.25
30 cm BT dB 0.44  1.056
  0.15     47.74     27.08   21.7   42.5    2.3    6.0   53.7   58.5   61.2   70.0  100       0.00
  0.17      2.67     79.46    2.6    0.5    8.6   42.5   54.6   57.7   65.7   68.8  100      -0.00
  0.19     46.26    338.88  -16.7   43.2    1.4   37.8   55.5   58.6   60.8   67.9  100       0.00
  0.21     33.19      6.60    3.8   33.0   -4.9   26.9   59.1   57.3   64.0   70.2  100       0.00
  0.23     36.94     36.53   22.0   29.7    3.1   35.2   57.4   57.8   63.6   65.8  100       0.00
  0.25     75.32     12.78   16.7   73.5   -1.6   23.7   58.3   58.3   61.9   69.8  100       0.00
  0.27    -32768    -32768 -32768 -32768 -32768 -32768    255    255    255    255    0 2147483647
  0.29    -32768    -32768 -32768 -32768 -32768 -32768    255    255    255    255    0 2147483647
  0.31    -32768    -32768 -32768 -32768 -32768 -32768    255    255    255    255    0 2147483647
  0.33    -32768    -32768 -32768 -32768 -32768 -32768    255    255    255    255    0 2147483647
  0.35    -32768    -32768 -32768 -32768 -32768 -32768    255    255    255    255    0 2147483647
  0.37    -32768    -32768 -32768 -32768 -32768 -32768    255    255    255    255    0 2147483647
  0.39    -32768    -32768 -32768 -32768 -32768 -32768    255    255    255    255    0 2147483647
  0.41    -32768    -32768 -32768 -32768 -32768 -32768    255    255    255    255    0 2147483647
  0.43    -32768    -32768 -32768 -32768 -32768 -32768    255    255    255    255    0 2147483647
  0.45    -32768    -32768 -32768 -32768 -32768 -32768    255    255    255    255    0 2147483647
  0.47    -32768    -32768 -32768 -32768 -32768 -32768    255    255    255    255    0 2147483647
  0.49    -32768    -32768 -32768 -32768 -32768 -32768    255    255    255    255    0 2147483647
  0.51    -32768    -32768 -32768 -32768 -32768 -32768    255    255    255    255    0 2147483647
  0.53    -32768    -32768 -32768 -32768 -32768 -32768    255    255    255    255    0 2147483647
  0.55    -32768    -32768 -32768 -32768 -32768 -32768    255    255    255    255    0 2147483647
  0.57    -32768    -32768 -32768 -32768 -32768 -32768    255    255    255    255    0 2147483647
  0.59    -32768    -32768 -32768 -32768 -32768 -32768    255    255    255    255    0 2147483647
  0.61    -32768    -32768 -32768 -32768 -32768 -32768    255    255    255    255    0 2147483647
  0.63    -32768    -32768 -32768 -32768 -32768 -32768    255    255    255    255    0 2147483647
  0.65    -32768    -32768 -32768 -32768 -32768 -32768    255    255    255    255    0 2147483647
  0.67    -32768    -32768 -32768 -32768 -32768 -32768    255    255    255    255    0 2147483647
  0.69    -32768    -32768 -32768 -32768 -32768 -32768    255    255    255    255    0 2147483647
  0.71    -32768    -32768 -32768 -32768 -32768 -32768    255    255    255    255    0 2147483647
  0.73    -32768    -32768 -32768 -32768 -32768 -32768    255    255    255    255    0 2147483647
18 5 29 6 32 29 20   157      1    3.250    0.670  286.760   14.500 
-30.01     8.20    -0.20    -0.60     0.00     0.00     0.00     0.00     0.34     0.33     0.30     0.31 
7.05        28.15         4.00        -4.70         6.17
30000.0000000 30000.0000000 -32768   -32768         0.0
0.4           0.4           0.2           0.1           1.0           0.0           0.5  0.15   0.21
30 cm BT dB 0.44  1.056
  0.15     33.23     90.51   33.2   -0.3   -7.7   25.3   61.2   57.7   63.4   70.9  100       0.00
  0.17     25.14     35.56   14.6   20.5  -17.9  -23.2   59.0   59.5   63.9   68.8  100       0.00
  0.19     54.92     51.38   42.9   34.3   -3.4   18.9   58.6   58.6   62.2   69.7  100       0.00
  0.21     26.62    348.27   -5.4   26.1   -4.4   -1.0   57.3   56.5   62.7   67.1  100       0.00
  0.23    -32768    -32768 -32768 -32768 -32768 -32768    255    255    255    255    0 2147483647
  0.25    -32768    -32768 -32768 -32768 -32768 -32768    255    255    255    255    0 2147483647
  0.27    -32768    -32768 -32768 -32768 -32768 -32768    255    255    255    255    0 2147483647
  0.29    -32768    -32768 -32768 -32768 -32768 -32768    255    255    255    255    0 2147483647
  0.31    -32768    -32768 -32768 -32768 -32768 -32768    255    255    255    255    0 2147483647
  0.33    -32768    -32768 -32768 -32768 -32768 -32768    255    255    255    255    0 2147483647
  0.35    -32768    -32768 -32768 -32768 -32768 -32768    255    255    255    255    0 2147483647
  0.37    -32768    -32768 -32768 -32768 -32768 -32768    255    255    255    255    0 2147483647
  0.39    -32768    -32768 -32768 -32768 -32768 -32768    255    255    255    255    0 2147483647
  0.41    -32768    -32768 -32768 -32768 -32768 -32768    255    255    255    255    0 2147483647
  0.43    -32768    -32768 -32768 -32768 -32768 -32768    255    255    255    255    0 2147483647
  0.45    -32768    -32768 -32768 -32768 -32768 -32768    255    255    255    255    0 2147483647
  0.47    -32768    -32768 -32768 -32768 -32768 -32768    255    255    255    255    0 2147483647
  0.49    -32768    -32768 -32768 -32768 -32768 -32768    255    255    255    255    0 2147483647
  0.51    -32768    -32768 -32768 -32768 -32768 -32768    255    255    255    255    0 2147483647
  0.53    -32768    -32768 -32768 -32768 -32768 -32768    255    255    255    255    0 2147483647
  0.55    -32768    -32768 -32768 -32768 -32768 -32768    255    255    255    255    0 2147483647
  0.57    -32768    -32768 -32768 -32768 -32768 -32768    255    255    255    255    0 2147483647
  0.59    -32768    -32768 -32768 -32768 -32768 -32768    255    255    255    255    0 2147483647
  0.61    -32768    -32768 -32768 -32768 -32768 -32768    255    255    255    255    0 2147483647
  0.63    -32768    -32768 -32768 -32768 -32768 -32768    255    255    255    255    0 2147483647
  0.65    -32768    -32768 -32768 -32768 -32768 -32768    255    255    255    255    0 2147483647
  0.67    -32768    -32768 -32768 -32768 -32768 -32768    255    255    255    255    0 2147483647
  0.69    -32768    -32768 -32768 -32768 -32768 -32768    255    255    255    255    0 2147483647
  0.71    -32768    -32768 -32768 -32768 -32768 -32768    255    255    255    255    0 2147483647
  0.73    -32768    -32768 -32768 -32768 -32768 -32768    255    255    255    255    0 2147483647
18 5 29 6 32 30 38   158      1    1.740    0.830  294.850   14.500 
-32768  -32768  -32768  -32768     0.00     0.00     0.00     0.00     0.31     0.28     0.32     0.31 
7.05        29.33         4.00        -4.70         6.17
30000.0000000 30000.0000000 -32768   -32768         0.0
0.4           0.4           0.2           0.1           1.0           0.0           0.5  0.00   0.00
30 cm BT dB 0.44  1.056
  0.15    -32768    -32768 -32768 -32768 -32768   -6.1   59.0   59.9   65.2   64.7  100 2147483647
  0.17    -32768    -32768 -32768 -32768 -32768   -3.5   55.9   57.7   58.6   65.7  100 2147483647
  0.19    -32768    -32768 -32768 -32768 -32768   44.7   55.1   60.0   62.6   67.5  100 2147483647
  0.21    -32768    -32768 -32768 -32768 -32768 -32768    255    255    255    255    0 2147483647
  0.23    -32768    -32768 -32768 -32768 -32768 -32768    255    255    255    255    0 2147483647
  0.25    -32768    -32768 -32768 -32768 -32768 -32768    255    255    255    255    0 2147483647
  0.27    -32768    -32768 -32768 -32768 -32768 -32768    255    255    255    255    0 2147483647
  0.29    -32768    -32768 -32768 -32768 -32768 -32768    255    255    255    255    0 2147483647
  0.31    -32768    -32768 -32768 -32768 -32768 -32768    255    255    255    255    0 2147483647
  0.33    -32768    -32768 -32768 -32768 -32768 -32768    255    255    255    255    0 2147483647
  0.35    -32768    -32768 -32768 -32768 -32768 -32768    255    255    255    255    0 2147483647
  0.37    -32768    -32768 -32768 -32768 -32768 -32768    255    255    255    255    0 2147483647
  0.39    -32768    -32768 -32768 -32768 -32768 -32768    255    255    255    255    0 2147483647
  0.41    -32768    -32768 -32768 -32768 -32768 -32768    255    255    255    255    0 2147483647
  0.43    -32768    -32768 -32768 -32768 -32768 -32768    255    255    255    255    0 2147483647
  0.45    -32768    -32768 -32768 -32768 -32768 -32768    255    255    255    255    0 2147483647
  0.47    -32768    -32768 -32768 -32768 -32768 -32768    255    255    255    255    0 2147483647
  0.49    -32768    -32768 -32768 -32768 -32768 -32768    255    255    255    255    0 2147483647
  0.51    -32768    -32768 -32768 -32768 -32768 -32768    255    255    255    255    0 2147483647
  0.53    -32768    -32768 -32768 -32768 -32768 -32768    255    255    255    255    0 2147483647
  0.55    -32768    -32768 -32768 -32768 -32768 -32768    255    255    255    255    0 2147483647
  0.57    -32768    -32768 -32768 -32768 -32768 -32768    255    255    255    255    0 2147483647
  0.59    -32768    -32768 -32768 -32768 -32768 -32768    255    255    255    255    0 2147483647
  0.61    -32768    -32768 -32768 -32768 -32768 -32768    255    255    255    255    0 2147483647
  0.63    -32768    -32768 -32768 -32768 -32768 -32768    255    255    255    255    0 2147483647
  0.65    -32768    -32768 -32768 -32768 -32768 -32768    255    255    255    255    0 2147483647
  0.67    -32768    -32768 -32768 -32768 -32768 -32768    255    255    255    255    0 2147483647
  0.69    -32768    -32768 -32768 -32768 -32768 -32768    255    255    255    255    0 2147483647
  0.71    -32768    -32768 -32768 -32768 -32768 -32768    255    255    255    255    0 2147483647
  0.73    -32768    -32768 -32768 -32768 -32768 -32768    255    255    255    255    0 2147483647
18 5 29 6 32 31 55   159      1    1.580    2.760  293.480   14.500 
-27.48     8.78    -2.30     2.30     0.00     0.00     0.00     0.00     0.30     0.26     0.28     0.34 
7.73        30.50         4.21        -5.34         6.80
30000.0000000 30000.0000000 -32768   -32768         0.0
0.4           0.5           0.2           0.1           1.0           0.0           0.5  0.15   0.17
30 cm BT dB 0.44  1.056
  0.15     52.21     19.75   17.6   49.1  -13.5   39.7   58.1   61.6   63.0   69.6  100       0.01
  0.17     44.02     56.52   36.7   24.3    0.1  -25.6   55.5   60.8   61.7   67.4  100       0.00
  0.19    -32768    -32768 -32768 -32768 -32768 -32768    255    255    255    255    0 2147483647
  0.21    -32768    -32768 -32768 -32768 -32768 -32768    255    255    255    255    0 2147483647
  0.23    -32768    -32768 -32768 -32768 -32768 -32768    255    255    255    255    0 2147483647
  0.25    -32768    -32768 -32768 -32768 -32768 -32768    255    255    255    255    0 2147483647
  0.27    -32768    -32768 -32768 -32768 -32768 -32768    255    255    255    255    0 2147483647
  0.29    -32768    -32768 -32768 -32768 -32768 -32768    255    255    255    255    0 2147483647
  0.31    -32768    -32768 -32768 -32768 -32768 -32768    255    255    255    255    0 2147483647
  0.33    -32768    -32768 -32768 -32768 -32768 -32768    255    255    255    255    0 2147483647
  0.35    -32768    -32768 -32768 -32768 -32768 -32768    255    255    255    255    0 2147483647
  0.37    -32768    -32768 -32768 -32768 -32768 -32768    255    255    255    255    0 2147483647
  0.39    -32768    -32768 -32768 -32768 -32768 -32768    255    255    255    255    0 2147483647
  0.41    -32768    -32768 -32768 -32768 -32768 -32768    255    255    255    255    0 2147483647
  0.43    -32768    -32768 -32768 -32768 -32768 -32768    255    255    255    255    0 2147483647
  0.45    -32768    -32768 -32768 -32768 -32768 -32768    255    255    255    255    0 2147483647
  0.47    -32768    -32768 -32768 -32768 -32768 -32768    255    255    255    255    0 2147483647
  0.49    -32768    -32768 -32768 -32768 -32768 -32768    255    255    255    255    0 2147483647
  0.51    -32768    -32768 -32768 -32768 -32768 -32768    255    255    255    255    0 2147483647
  0.53    -32768    -32768 -32768 -32768 -32768 -32768    255    255    255    255    0 2147483647
  0.55    -32768    -32768 -32768 -32768 -32768 -32768    255    255    255    255    0 2147483647
  0.57    -32768    -32768 -32768 -32768 -32768 -32768    255    255    255    255    0 2147483647
  0.59    -32768    -32768 -32768 -32768 -32768 -32768    255    255    255    255    0 2147483647
  0.61    -32768    -32768 -32768 -32768 -32768 -32768    255    255    255    255    0 2147483647
  0.63    -32768    -32768 -32768 -32768 -32768 -32768    255    255    255    255    0 2147483647
  0.65    -32768    -32768 -32768 -32768 -32768 -32768    255    255    255    255    0 2147483647
  0.67    -32768    -32768 -32768 -32768 -32768 -32768    255    255    255    255    0 2147483647
  0.69    -32768    -32768 -32768 -32768 -32768 -32768    255    255    255    255    0 2147483647
  0.71    -32768    -32768 -32768 -32768 -32768 -32768    255    255    255    255    0 2147483647
  0.73    -32768    -32768 -32768 -32768 -32768 -32768    255    255    255    255    0 2147483647
18 5 29 6 32 32 74   160      1    1.720    2.230  291.800   14.440 
-24.86     6.50    -1.50     1.40     0.00     0.00     0.00     0.00     0.24     0.26     0.20     0.23 
8.03        31.69         4.29        -5.64         7.08
30000.0000000 30000.0000000 -32768   -32768         0.0
0.4           0.5           0.2           0.1           1.0           0.0           0.5  0.00   0.00
30 cm BT dB 0.44  1.058
  0.15    -32768    -32768 -32768 -32768 -32768 -32768    255    255    255    255    0 2147483647
  0.17    -32768    -32768 -32768 -32768 -32768 -32768    255    255    255    255    0 2147483647
  0.19    -32768    -32768 -32768 -32768 -32768 -32768    255    255    255    255    0 2147483647
  0.21    -32768    -32768 -32768 -32768 -32768 -32768    255    255    255    255    0 2147483647
  0.23    -32768    -32768 -32768 -32768 -32768 -32768    255    255    255    255    0 2147483647
  0.25    -32768    -32768 -32768 -32768 -32768 -32768    255    255    255    255    0 2147483647
  0.27    -32768    -32768 -32768 -32768 -32768 -32768    255    255    255    255    0 2147483647
  0.29    -32768    -32768 -32768 -32768 -32768 -32768    255    255    255    255    0 2147483647
  0.31    -32768    -32768 -32768 -32768 -32768 -32768    255    255    255    255    0 2147483647
  0.33    -32768    -32768 -32768 -32768 -32768 -32768    255    255    255    255    0 2147483647
  0.35    -32768    -32768 -32768 -32768 -32768 -32768    255    255    255    255    0 2147483647
  0.37    -32768    -32768 -32768 -32768 -32768 -32768    255    255    255    255    0 2147483647
  0.39    -32768    -32768 -32768 -32768 -32768 -32768    255    255    255    255    0 2147483647
  0.41    -32768    -32768 -32768 -32768 -32768 -32768    255    255    255    255    0 2147483647
  0.43    -32768    -32768 -32768 -32768 -32768 -32768    255    255    255    255    0 2147483647
  0.45    -32768    -32768 -32768 -32768 -32768 -32768    255    255    255    255    0 2147483647
  0.47    -32768    -32768 -32768 -32768 -32768 -32768    255    255    255    255    0 2147483647
  0.49    -32768    -32768 -32768 -32768 -32768 -32768    255    255    255    255    0 2147483647
  0.51    -32768    -32768 -32768 -32768 -32768 -32768    255    255    255    255    0 2147483647
  0.53    -32768    -32768 -32768 -32768 -32768 -32768    255    255    255    255    0 2147483647
  0.55    -32768    -32768 -32768 -32768 -32768 -32768    255    255    255    255    0 2147483647
  0.57    -32768    -32768 -32768 -32768 -32768 -32768    255    255    255    255    0 2147483647
  0.59    -32768    -32768 -32768 -32768 -32768 -32768    255    255    255    255    0 2147483647
  0.61    -32768    -32768 -32768 -32768 -32768 -32768    255    255    255    255    0 2147483647
  0.63    -32768    -32768 -32768 -32768 -32768 -32768    255    255    255    255    0 2147483647
  0.65    -32768    -32768 -32768 -32768 -32768 -32768    255    255    255    255    0 2147483647
  0.67    -32768    -32768 -32768 -32768 -32768 -32768    255    255    255    255    0 2147483647
  0.69    -32768    -32768 -32768 -32768 -32768 -32768    255    255    255    255    0 2147483647
  0.71    -32768    -32768 -32768 -32768 -32768 -32768    255    255    255    255    0 2147483647
  0.73    -32768    -32768 -32768 -32768 -32768 -32768    255    255    255    255    0 2147483647
18 5 29 6 32 33 96   161      1    1.760    1.360  281.060   14.440 
-14.52    -1.85    -2.00    -2.10     0.00     0.00     0.00     0.00     0.23     0.26     0.27     0.16 
8.21        32.91         4.26        -5.82         7.21
30000.0000000 30000.0000000 -32768   -32768         0.0
0.4           0.5           0.2           0.1           1.0           0.0           0.5  0.00   0.00
30 cm BT dB 0.44  1.058
  0.15    -32768    -32768 -32768 -32768 -32768 -32768    255    255    255    255    0 2147483647
  0.17    -32768    -32768 -32768 -32768 -32768 -32768    255    255    255    255    0 2147483647
  0.19    -32768    -32768 -32768 -32768 -32768 -32768    255    255    255    255    0 2147483647
  0.21    -32768    -32768 -32768 -32768 -32768 -32768    255    255    255    255    0 2147483647
  0.23    -32768    -32768 -32768 -32768 -32768 -32768    255    255    255    255    0 2147483647
  0.25    -32768    -32768 -32768 -32768 -32768 -32768    255    255    255    255    0 2147483647
  0.27    -32768    -32768 -32768 -32768 -32768 -32768    255    255    255    255    0 2147483647
  0.29    -32768    -32768 -32768 -32768 -32768 -32768    255    255    255    255    0 2147483647
  0.31    -32768    -32768 -32768 -32768 -32768 -32768    255    255    255    255    0 2147483647
  0.33    -32768    -32768 -32768 -32768 -32768 -32768    255    255    255    255    0 2147483647
  0.35    -32768    -32768 -32768 -32768 -32768 -32768    255    255    255    255    0 2147483647
  0.37    -32768    -32768 -32768 -32768 -32768 -32768    255    255    255    255    0 2147483647
  0.39    -32768    -32768 -32768 -32768 -32768 -32768    255    255    255    255    0 2147483647
  0.41    -32768    -32768 -32768 -32768 -32768 -32768    255    255    255    255    0 2147483647
  0.43    -32768    -32768 -32768 -32768 -32768 -32768    255    255    255    255    0 2147483647
  0.45    -32768    -32768 -32768 -32768 -32768 -32768    255    255    255    255    0 2147483647
  0.47    -32768    -32768 -32768 -32768 -32768 -32768    255    255    255    255    0 2147483647
  0.49    -32768    -32768 -32768 -32768 -32768 -32768    255    255    255    255    0 2147483647
  0.51    -32768    -32768 -32768 -32768 -32768 -32768    255    255    255    255    0 2147483647
  0.53    -32768    -32768 -32768 -32768 -32768 -32768    255    255    255    255    0 2147483647
  0.55    -32768    -32768 -32768 -32768 -32768 -32768    255    255    255    255    0 2147483647
  0.57    -32768    -32768 -32768 -32768 -32768 -32768    255    255    255    255    0 2147483647
  0.59    -32768    -32768 -32768 -32768 -32768 -32768    255    255    255    255    0 2147483647
  0.61    -32768    -32768 -32768 -32768 -32768 -32768    255    255    255    255    0 2147483647
  0.63    -32768    -32768 -32768 -32768 -32768 -32768    255    255    255    255    0 2147483647
  0.65    -32768    -32768 -32768 -32768 -32768 -32768    255    255    255    255    0 2147483647
  0.67    -32768    -32768 -32768 -32768 -32768 -32768    255    255    255    255    0 2147483647
  0.69    -32768    -32768 -32768 -32768 -32768 -32768    255    255    255    255    0 2147483647
  0.71    -32768    -32768 -32768 -32768 -32768 -32768    255    255    255    255    0 2147483647
  0.73    -32768    -32768 -32768 -32768 -32768 -32768    255    255    255    255    0 2147483647
