

     2      5      4     30      6      1     12 
18 5 29 9 57 0 61   168      1    4.890    7.170  344.290   14.880 
-32768  -32768  -32768  -32768     0.00     0.00     0.00     0.00     0.22     0.20     0.22     0.15 
0.00         0.00         0.00         0.00         0.00
30000.0000000 30000.0000000 -32768   -32768         0.0
0.0           0.0           0.0           0.0           1.0           0.0           1.0  0.00   0.00
30 cm BT dB 0.44  1.042
  0.15    -32768    -32768 -32768 -32768 -32768 -32768    255    255    255    255    0 2147483647
  0.17    -32768    -32768 -32768 -32768 -32768 -32768    255    255    255    255    0 2147483647
  0.19    -32768    -32768 -32768 -32768 -32768 -32768    255    255    255    255    0 2147483647
  0.21    -32768    -32768 -32768 -32768 -32768 -32768    255    255    255    255    0 2147483647
  0.23    -32768    -32768 -32768 -32768 -32768 -32768    255    255    255    255    0 2147483647
  0.25    -32768    -32768 -32768 -32768 -32768 -32768    255    255    255    255    0 2147483647
  0.27    -32768    -32768 -32768 -32768 -32768 -32768    255    255    255    255    0 2147483647
  0.29    -32768    -32768 -32768 -32768 -32768 -32768    255    255    255    255    0 2147483647
  0.31    -32768    -32768 -32768 -32768 -32768 -32768    255    255    255    255    0 2147483647
  0.33    -32768    -32768 -32768 -32768 -32768 -32768    255    255    255    255    0 2147483647
  0.35    -32768    -32768 -32768 -32768 -32768 -32768    255    255    255    255    0 2147483647
  0.37    -32768    -32768 -32768 -32768 -32768 -32768    255    255    255    255    0 2147483647
  0.39    -32768    -32768 -32768 -32768 -32768 -32768    255    255    255    255    0 2147483647
  0.41    -32768    -32768 -32768 -32768 -32768 -32768    255    255    255    255    0 2147483647
  0.43    -32768    -32768 -32768 -32768 -32768 -32768    255    255    255    255    0 2147483647
  0.45    -32768    -32768 -32768 -32768 -32768 -32768    255    255    255    255    0 2147483647
  0.47    -32768    -32768 -32768 -32768 -32768 -32768    255    255    255    255    0 2147483647
  0.49    -32768    -32768 -32768 -32768 -32768 -32768    255    255    255    255    0 2147483647
  0.51    -32768    -32768 -32768 -32768 -32768 -32768    255    255    255    255    0 2147483647
  0.53    -32768    -32768 -32768 -32768 -32768 -32768    255    255    255    255    0 2147483647
  0.55    -32768    -32768 -32768 -32768 -32768 -32768    255    255    255    255    0 2147483647
  0.57    -32768    -32768 -32768 -32768 -32768 -32768    255    255    255    255    0 2147483647
  0.59    -32768    -32768 -32768 -32768 -32768 -32768    255    255    255    255    0 2147483647
  0.61    -32768    -32768 -32768 -32768 -32768 -32768    255    255    255    255    0 2147483647
  0.63    -32768    -32768 -32768 -32768 -32768 -32768    255    255    255    255    0 2147483647
  0.65    -32768    -32768 -32768 -32768 -32768 -32768    255    255    255    255    0 2147483647
  0.67    -32768    -32768 -32768 -32768 -32768 -32768    255    255    255    255    0 2147483647
  0.69    -32768    -32768 -32768 -32768 -32768 -32768    255    255    255    255    0 2147483647
  0.71    -32768    -32768 -32768 -32768 -32768 -32768    255    255    255    255    0 2147483647
  0.73    -32768    -32768 -32768 -32768 -32768 -32768    255    255    255    255    0 2147483647
18 5 29 9 57 1 79   169      1    3.340    7.570  307.350   14.880 
-27.83   -30.21    -3.30    -0.40     0.00     0.00     0.00     0.00     0.26     0.24     0.27     0.27 
0.48         1.18        -0.36        -0.33         0.48
30000.0000000 30000.0000000 -32768   -32768         0.0
0.0           0.0           0.0          -0.0           1.0          -0.0           1.0  0.15   0.15
30 cm BT dB 0.44  1.042
  0.15     44.94    156.37   18.0  -41.2   -1.4    0.3   62.5   62.9   65.6   74.8  100       0.00
  0.17    -32768    -32768 -32768 -32768 -32768 -32768    255    255    255    255    0 2147483647
  0.19    -32768    -32768 -32768 -32768 -32768 -32768    255    255    255    255    0 2147483647
  0.21    -32768    -32768 -32768 -32768 -32768 -32768    255    255    255    255    0 2147483647
  0.23    -32768    -32768 -32768 -32768 -32768 -32768    255    255    255    255    0 2147483647
  0.25    -32768    -32768 -32768 -32768 -32768 -32768    255    255    255    255    0 2147483647
  0.27    -32768    -32768 -32768 -32768 -32768 -32768    255    255    255    255    0 2147483647
  0.29    -32768    -32768 -32768 -32768 -32768 -32768    255    255    255    255    0 2147483647
  0.31    -32768    -32768 -32768 -32768 -32768 -32768    255    255    255    255    0 2147483647
  0.33    -32768    -32768 -32768 -32768 -32768 -32768    255    255    255    255    0 2147483647
  0.35    -32768    -32768 -32768 -32768 -32768 -32768    255    255    255    255    0 2147483647
  0.37    -32768    -32768 -32768 -32768 -32768 -32768    255    255    255    255    0 2147483647
  0.39    -32768    -32768 -32768 -32768 -32768 -32768    255    255    255    255    0 2147483647
  0.41    -32768    -32768 -32768 -32768 -32768 -32768    255    255    255    255    0 2147483647
  0.43    -32768    -32768 -32768 -32768 -32768 -32768    255    255    255    255    0 2147483647
  0.45    -32768    -32768 -32768 -32768 -32768 -32768    255    255    255    255    0 2147483647
  0.47    -32768    -32768 -32768 -32768 -32768 -32768    255    255    255    255    0 2147483647
  0.49    -32768    -32768 -32768 -32768 -32768 -32768    255    255    255    255    0 2147483647
  0.51    -32768    -32768 -32768 -32768 -32768 -32768    255    255    255    255    0 2147483647
  0.53    -32768    -32768 -32768 -32768 -32768 -32768    255    255    255    255    0 2147483647
  0.55    -32768    -32768 -32768 -32768 -32768 -32768    255    255    255    255    0 2147483647
  0.57    -32768    -32768 -32768 -32768 -32768 -32768    255    255    255    255    0 2147483647
  0.59    -32768    -32768 -32768 -32768 -32768 -32768    255    255    255    255    0 2147483647
  0.61    -32768    -32768 -32768 -32768 -32768 -32768    255    255    255    255    0 2147483647
  0.63    -32768    -32768 -32768 -32768 -32768 -32768    255    255    255    255    0 2147483647
  0.65    -32768    -32768 -32768 -32768 -32768 -32768    255    255    255    255    0 2147483647
  0.67    -32768    -32768 -32768 -32768 -32768 -32768    255    255    255    255    0 2147483647
  0.69    -32768    -32768 -32768 -32768 -32768 -32768    255    255    255    255    0 2147483647
  0.71    -32768    -32768 -32768 -32768 -32768 -32768    255    255    255    255    0 2147483647
  0.73    -32768    -32768 -32768 -32768 -32768 -32768    255    255    255    255    0 2147483647
18 5 29 9 57 3 3   170      1    2.080    6.130  297.610   14.880 
-28.31   -36.65    -5.30    -0.00     0.00     0.00     0.00     0.00     0.30     0.27     0.29     0.21 
1.06         2.42        -0.81        -0.68         1.06
30000.0000000 30000.0000000 -32768   -32768         0.0
0.0           0.0           0.0          -0.0           1.0          -0.0           1.0  0.00   0.00
30 cm BT dB 0.44  1.042
  0.15    -32768    -32768 -32768 -32768 -32768 -32768    255    255    255    255    0 2147483647
  0.17    -32768    -32768 -32768 -32768 -32768 -32768    255    255    255    255    0 2147483647
  0.19    -32768    -32768 -32768 -32768 -32768 -32768    255    255    255    255    0 2147483647
  0.21    -32768    -32768 -32768 -32768 -32768 -32768    255    255    255    255    0 2147483647
  0.23    -32768    -32768 -32768 -32768 -32768 -32768    255    255    255    255    0 2147483647
  0.25    -32768    -32768 -32768 -32768 -32768 -32768    255    255    255    255    0 2147483647
  0.27    -32768    -32768 -32768 -32768 -32768 -32768    255    255    255    255    0 2147483647
  0.29    -32768    -32768 -32768 -32768 -32768 -32768    255    255    255    255    0 2147483647
  0.31    -32768    -32768 -32768 -32768 -32768 -32768    255    255    255    255    0 2147483647
  0.33    -32768    -32768 -32768 -32768 -32768 -32768    255    255    255    255    0 2147483647
  0.35    -32768    -32768 -32768 -32768 -32768 -32768    255    255    255    255    0 2147483647
  0.37    -32768    -32768 -32768 -32768 -32768 -32768    255    255    255    255    0 2147483647
  0.39    -32768    -32768 -32768 -32768 -32768 -32768    255    255    255    255    0 2147483647
  0.41    -32768    -32768 -32768 -32768 -32768 -32768    255    255    255    255    0 2147483647
  0.43    -32768    -32768 -32768 -32768 -32768 -32768    255    255    255    255    0 2147483647
  0.45    -32768    -32768 -32768 -32768 -32768 -32768    255    255    255    255    0 2147483647
  0.47    -32768    -32768 -32768 -32768 -32768 -32768    255    255    255    255    0 2147483647
  0.49    -32768    -32768 -32768 -32768 -32768 -32768    255    255    255    255    0 2147483647
  0.51    -32768    -32768 -32768 -32768 -32768 -32768    255    255    255    255    0 2147483647
  0.53    -32768    -32768 -32768 -32768 -32768 -32768    255    255    255    255    0 2147483647
  0.55    -32768    -32768 -32768 -32768 -32768 -32768    255    255    255    255    0 2147483647
  0.57    -32768    -32768 -32768 -32768 -32768 -32768    255    255    255    255    0 2147483647
  0.59    -32768    -32768 -32768 -32768 -32768 -32768    255    255    255    255    0 2147483647
  0.61    -32768    -32768 -32768 -32768 -32768 -32768    255    255    255    255    0 2147483647
  0.63    -32768    -32768 -32768 -32768 -32768 -32768    255    255    255    255    0 2147483647
  0.65    -32768    -32768 -32768 -32768 -32768 -32768    255    255    255    255    0 2147483647
  0.67    -32768    -32768 -32768 -32768 -32768 -32768    255    255    255    255    0 2147483647
  0.69    -32768    -32768 -32768 -32768 -32768 -32768    255    255    255    255    0 2147483647
  0.71    -32768    -32768 -32768 -32768 -32768 -32768    255    255    255    255    0 2147483647
  0.73    -32768    -32768 -32768 -32768 -32768 -32768    255    255    255    255    0 2147483647
18 5 29 9 57 4 19   171      1    1.060    2.930  296.020   14.940 
-18.25   -37.16    -0.60    -4.20     0.00     0.00     0.00     0.00     0.28     0.28     0.30     0.30 
1.54         3.58        -1.24        -0.89         1.53
30000.0000000 30000.0000000 -32768   -32768         0.0
0.0           0.1           0.0          -0.0           1.0          -0.0           1.0  0.15   0.19
30 cm BT dB 0.44  1.040
  0.15     40.61     98.83   40.1   -6.2   -5.9    5.7   65.5   64.7   73.1   75.3  100       0.01
  0.17     28.61    104.12   27.8   -7.0    0.7   22.6   64.7   64.7   72.2   75.3  100       0.01
  0.19     36.02    130.98   27.2  -23.6   11.1    7.2   64.7   64.7   72.3   74.5  100       0.01
  0.21    -32768    -32768 -32768 -32768 -32768 -32768    255    255    255    255    0 2147483647
  0.23    -32768    -32768 -32768 -32768 -32768 -32768    255    255    255    255    0 2147483647
  0.25    -32768    -32768 -32768 -32768 -32768 -32768    255    255    255    255    0 2147483647
  0.27    -32768    -32768 -32768 -32768 -32768 -32768    255    255    255    255    0 2147483647
  0.29    -32768    -32768 -32768 -32768 -32768 -32768    255    255    255    255    0 2147483647
  0.31    -32768    -32768 -32768 -32768 -32768 -32768    255    255    255    255    0 2147483647
  0.33    -32768    -32768 -32768 -32768 -32768 -32768    255    255    255    255    0 2147483647
  0.35    -32768    -32768 -32768 -32768 -32768 -32768    255    255    255    255    0 2147483647
  0.37    -32768    -32768 -32768 -32768 -32768 -32768    255    255    255    255    0 2147483647
  0.39    -32768    -32768 -32768 -32768 -32768 -32768    255    255    255    255    0 2147483647
  0.41    -32768    -32768 -32768 -32768 -32768 -32768    255    255    255    255    0 2147483647
  0.43    -32768    -32768 -32768 -32768 -32768 -32768    255    255    255    255    0 2147483647
  0.45    -32768    -32768 -32768 -32768 -32768 -32768    255    255    255    255    0 2147483647
  0.47    -32768    -32768 -32768 -32768 -32768 -32768    255    255    255    255    0 2147483647
  0.49    -32768    -32768 -32768 -32768 -32768 -32768    255    255    255    255    0 2147483647
  0.51    -32768    -32768 -32768 -32768 -32768 -32768    255    255    255    255    0 2147483647
  0.53    -32768    -32768 -32768 -32768 -32768 -32768    255    255    255    255    0 2147483647
  0.55    -32768    -32768 -32768 -32768 -32768 -32768    255    255    255    255    0 2147483647
  0.57    -32768    -32768 -32768 -32768 -32768 -32768    255    255    255    255    0 2147483647
  0.59    -32768    -32768 -32768 -32768 -32768 -32768    255    255    255    255    0 2147483647
  0.61    -32768    -32768 -32768 -32768 -32768 -32768    255    255    255    255    0 2147483647
  0.63    -32768    -32768 -32768 -32768 -32768 -32768    255    255    255    255    0 2147483647
  0.65    -32768    -32768 -32768 -32768 -32768 -32768    255    255    255    255    0 2147483647
  0.67    -32768    -32768 -32768 -32768 -32768 -32768    255    255    255    255    0 2147483647
  0.69    -32768    -32768 -32768 -32768 -32768 -32768    255    255    255    255    0 2147483647
  0.71    -32768    -32768 -32768 -32768 -32768 -32768    255    255    255    255    0 2147483647
  0.73    -32768    -32768 -32768 -32768 -32768 -32768    255    255    255    255    0 2147483647
18 5 29 9 57 5 40   172      1    4.130   -0.160  303.520   14.880 
-25.92   -42.93    -0.00     2.00     0.00     0.00     0.00     0.00     0.25     0.28     0.27     0.26 
2.15         4.79        -1.76        -1.20         2.13
30000.0000000 30000.0000000 -32768   -32768         0.0
0.0           0.1           0.1          -0.0           1.0          -0.0           1.0  0.15   0.17
30 cm BT dB 0.44  1.042
  0.15     69.30    122.94   58.2  -37.7    4.1   -6.8   68.2   67.3   73.1   77.0  100       0.01
  0.17     55.15     94.45   55.0   -4.3    5.2    8.4   66.5   67.4   72.2   77.1  100       0.01
  0.19    -32768    -32768 -32768 -32768 -32768 -32768    255    255    255    255    0 2147483647
  0.21    -32768    -32768 -32768 -32768 -32768 -32768    255    255    255    255    0 2147483647
  0.23    -32768    -32768 -32768 -32768 -32768 -32768    255    255    255    255    0 2147483647
  0.25    -32768    -32768 -32768 -32768 -32768 -32768    255    255    255    255    0 2147483647
  0.27    -32768    -32768 -32768 -32768 -32768 -32768    255    255    255    255    0 2147483647
  0.29    -32768    -32768 -32768 -32768 -32768 -32768    255    255    255    255    0 2147483647
  0.31    -32768    -32768 -32768 -32768 -32768 -32768    255    255    255    255    0 2147483647
  0.33    -32768    -32768 -32768 -32768 -32768 -32768    255    255    255    255    0 2147483647
  0.35    -32768    -32768 -32768 -32768 -32768 -32768    255    255    255    255    0 2147483647
  0.37    -32768    -32768 -32768 -32768 -32768 -32768    255    255    255    255    0 2147483647
  0.39    -32768    -32768 -32768 -32768 -32768 -32768    255    255    255    255    0 2147483647
  0.41    -32768    -32768 -32768 -32768 -32768 -32768    255    255    255    255    0 2147483647
  0.43    -32768    -32768 -32768 -32768 -32768 -32768    255    255    255    255    0 2147483647
  0.45    -32768    -32768 -32768 -32768 -32768 -32768    255    255    255    255    0 2147483647
  0.47    -32768    -32768 -32768 -32768 -32768 -32768    255    255    255    255    0 2147483647
  0.49    -32768    -32768 -32768 -32768 -32768 -32768    255    255    255    255    0 2147483647
  0.51    -32768    -32768 -32768 -32768 -32768 -32768    255    255    255    255    0 2147483647
  0.53    -32768    -32768 -32768 -32768 -32768 -32768    255    255    255    255    0 2147483647
  0.55    -32768    -32768 -32768 -32768 -32768 -32768    255    255    255    255    0 2147483647
  0.57    -32768    -32768 -32768 -32768 -32768 -32768    255    255    255    255    0 2147483647
  0.59    -32768    -32768 -32768 -32768 -32768 -32768    255    255    255    255    0 2147483647
  0.61    -32768    -32768 -32768 -32768 -32768 -32768    255    255    255    255    0 2147483647
  0.63    -32768    -32768 -32768 -32768 -32768 -32768    255    255    255    255    0 2147483647
  0.65    -32768    -32768 -32768 -32768 -32768 -32768    255    255    255    255    0 2147483647
  0.67    -32768    -32768 -32768 -32768 -32768 -32768    255    255    255    255    0 2147483647
  0.69    -32768    -32768 -32768 -32768 -32768 -32768    255    255    255    255    0 2147483647
  0.71    -32768    -32768 -32768 -32768 -32768 -32768    255    255    255    255    0 2147483647
  0.73    -32768    -32768 -32768 -32768 -32768 -32768    255    255    255    255    0 2147483647
18 5 29 9 57 6 62   173      1   -3.220    3.670  301.070   14.880 
-31.86   -45.71    -0.50     2.20     0.00     0.00     0.00     0.00     0.27     0.24     0.29     0.26 
2.83         6.01        -2.32        -1.59         2.81
30000.0000000 30000.0000000 -32768   -32768         0.0
0.0           0.2           0.1          -0.0           1.0          -0.0           1.0  0.15   0.15
30 cm BT dB 0.44  1.042
  0.15     58.27     85.50   58.1    4.6    8.9   14.8   66.9   67.8   72.6   79.3  100       0.01
  0.17    -32768    -32768 -32768 -32768 -32768 -32768    255    255    255    255    0 2147483647
  0.19    -32768    -32768 -32768 -32768 -32768 -32768    255    255    255    255    0 2147483647
  0.21    -32768    -32768 -32768 -32768 -32768 -32768    255    255    255    255    0 2147483647
  0.23    -32768    -32768 -32768 -32768 -32768 -32768    255    255    255    255    0 2147483647
  0.25    -32768    -32768 -32768 -32768 -32768 -32768    255    255    255    255    0 2147483647
  0.27    -32768    -32768 -32768 -32768 -32768 -32768    255    255    255    255    0 2147483647
  0.29    -32768    -32768 -32768 -32768 -32768 -32768    255    255    255    255    0 2147483647
  0.31    -32768    -32768 -32768 -32768 -32768 -32768    255    255    255    255    0 2147483647
  0.33    -32768    -32768 -32768 -32768 -32768 -32768    255    255    255    255    0 2147483647
  0.35    -32768    -32768 -32768 -32768 -32768 -32768    255    255    255    255    0 2147483647
  0.37    -32768    -32768 -32768 -32768 -32768 -32768    255    255    255    255    0 2147483647
  0.39    -32768    -32768 -32768 -32768 -32768 -32768    255    255    255    255    0 2147483647
  0.41    -32768    -32768 -32768 -32768 -32768 -32768    255    255    255    255    0 2147483647
  0.43    -32768    -32768 -32768 -32768 -32768 -32768    255    255    255    255    0 2147483647
  0.45    -32768    -32768 -32768 -32768 -32768 -32768    255    255    255    255    0 2147483647
  0.47    -32768    -32768 -32768 -32768 -32768 -32768    255    255    255    255    0 2147483647
  0.49    -32768    -32768 -32768 -32768 -32768 -32768    255    255    255    255    0 2147483647
  0.51    -32768    -32768 -32768 -32768 -32768 -32768    255    255    255    255    0 2147483647
  0.53    -32768    -32768 -32768 -32768 -32768 -32768    255    255    255    255    0 2147483647
  0.55    -32768    -32768 -32768 -32768 -32768 -32768    255    255    255    255    0 2147483647
  0.57    -32768    -32768 -32768 -32768 -32768 -32768    255    255    255    255    0 2147483647
  0.59    -32768    -32768 -32768 -32768 -32768 -32768    255    255    255    255    0 2147483647
  0.61    -32768    -32768 -32768 -32768 -32768 -32768    255    255    255    255    0 2147483647
  0.63    -32768    -32768 -32768 -32768 -32768 -32768    255    255    255    255    0 2147483647
  0.65    -32768    -32768 -32768 -32768 -32768 -32768    255    255    255    255    0 2147483647
  0.67    -32768    -32768 -32768 -32768 -32768 -32768    255    255    255    255    0 2147483647
  0.69    -32768    -32768 -32768 -32768 -32768 -32768    255    255    255    255    0 2147483647
  0.71    -32768    -32768 -32768 -32768 -32768 -32768    255    255    255    255    0 2147483647
  0.73    -32768    -32768 -32768 -32768 -32768 -32768    255    255    255    255    0 2147483647
18 5 29 9 57 7 83   174      1   -1.140   -2.030  303.950   14.880 
-20.42   -44.48     0.30     4.30     0.00     0.00     0.00     0.00     0.28     0.31     0.28     0.30 
3.42         7.22        -2.86        -1.84         3.40
30000.0000000 30000.0000000 -32768   -32768         0.0
0.1           0.2           0.1          -0.0           1.0          -0.0           1.0  0.15   0.19
30 cm BT dB 0.44  1.042
  0.15     57.14    137.72   38.4  -42.3   -5.4  -19.3   68.2   68.6   73.1   77.9  100       0.01
  0.17     52.39     83.05   52.0    6.3   -8.1  -21.5   68.7   68.7   74.0   78.9  100       0.01
  0.19     37.74    100.03   37.2   -6.6   -7.5   -8.2   66.1   68.3   72.3   77.6  100       0.00
  0.21    -32768    -32768 -32768 -32768 -32768 -32768    255    255    255    255    0 2147483647
  0.23    -32768    -32768 -32768 -32768 -32768 -32768    255    255    255    255    0 2147483647
  0.25    -32768    -32768 -32768 -32768 -32768 -32768    255    255    255    255    0 2147483647
  0.27    -32768    -32768 -32768 -32768 -32768 -32768    255    255    255    255    0 2147483647
  0.29    -32768    -32768 -32768 -32768 -32768 -32768    255    255    255    255    0 2147483647
  0.31    -32768    -32768 -32768 -32768 -32768 -32768    255    255    255    255    0 2147483647
  0.33    -32768    -32768 -32768 -32768 -32768 -32768    255    255    255    255    0 2147483647
  0.35    -32768    -32768 -32768 -32768 -32768 -32768    255    255    255    255    0 2147483647
  0.37    -32768    -32768 -32768 -32768 -32768 -32768    255    255    255    255    0 2147483647
  0.39    -32768    -32768 -32768 -32768 -32768 -32768    255    255    255    255    0 2147483647
  0.41    -32768    -32768 -32768 -32768 -32768 -32768    255    255    255    255    0 2147483647
  0.43    -32768    -32768 -32768 -32768 -32768 -32768    255    255    255    255    0 2147483647
  0.45    -32768    -32768 -32768 -32768 -32768 -32768    255    255    255    255    0 2147483647
  0.47    -32768    -32768 -32768 -32768 -32768 -32768    255    255    255    255    0 2147483647
  0.49    -32768    -32768 -32768 -32768 -32768 -32768    255    255    255    255    0 2147483647
  0.51    -32768    -32768 -32768 -32768 -32768 -32768    255    255    255    255    0 2147483647
  0.53    -32768    -32768 -32768 -32768 -32768 -32768    255    255    255    255    0 2147483647
  0.55    -32768    -32768 -32768 -32768 -32768 -32768    255    255    255    255    0 2147483647
  0.57    -32768    -32768 -32768 -32768 -32768 -32768    255    255    255    255    0 2147483647
  0.59    -32768    -32768 -32768 -32768 -32768 -32768    255    255    255    255    0 2147483647
  0.61    -32768    -32768 -32768 -32768 -32768 -32768    255    255    255    255    0 2147483647
  0.63    -32768    -32768 -32768 -32768 -32768 -32768    255    255    255    255    0 2147483647
  0.65    -32768    -32768 -32768 -32768 -32768 -32768    255    255    255    255    0 2147483647
  0.67    -32768    -32768 -32768 -32768 -32768 -32768    255    255    255    255    0 2147483647
  0.69    -32768    -32768 -32768 -32768 -32768 -32768    255    255    255    255    0 2147483647
  0.71    -32768    -32768 -32768 -32768 -32768 -32768    255    255    255    255    0 2147483647
  0.73    -32768    -32768 -32768 -32768 -32768 -32768    255    255    255    255    0 2147483647
18 5 29 9 57 9 4   175      1    0.130    3.380  316.040   14.880 
-28.88   -36.32    -0.80    -4.20     0.00     0.00     0.00     0.00     0.38     0.30     0.30     0.35 
3.98         8.43        -3.30        -2.19         3.96
30000.0000000 30000.0000000 -32768   -32768         0.0
0.1           0.3           0.1          -0.0           1.0          -0.0           1.0  0.15   0.21
30 cm BT dB 0.44  1.042
  0.15     93.59    100.65   92.0  -17.3  -14.5   22.6   67.8   67.3   74.4   80.1  100       0.01
  0.17     70.42     97.79   69.8   -9.5    3.4  -25.7   69.1   66.5   73.1   78.4  100       0.01
  0.19     78.96    111.10   73.7  -28.4   -7.2   17.3   68.7   67.4   72.7   76.2  100       0.01
  0.21     43.25    109.53   40.8  -14.5    4.9   26.9   66.6   66.1   73.2   76.7  100       0.00
  0.23    -32768    -32768 -32768 -32768 -32768 -32768    255    255    255    255    0 2147483647
  0.25    -32768    -32768 -32768 -32768 -32768 -32768    255    255    255    255    0 2147483647
  0.27    -32768    -32768 -32768 -32768 -32768 -32768    255    255    255    255    0 2147483647
  0.29    -32768    -32768 -32768 -32768 -32768 -32768    255    255    255    255    0 2147483647
  0.31    -32768    -32768 -32768 -32768 -32768 -32768    255    255    255    255    0 2147483647
  0.33    -32768    -32768 -32768 -32768 -32768 -32768    255    255    255    255    0 2147483647
  0.35    -32768    -32768 -32768 -32768 -32768 -32768    255    255    255    255    0 2147483647
  0.37    -32768    -32768 -32768 -32768 -32768 -32768    255    255    255    255    0 2147483647
  0.39    -32768    -32768 -32768 -32768 -32768 -32768    255    255    255    255    0 2147483647
  0.41    -32768    -32768 -32768 -32768 -32768 -32768    255    255    255    255    0 2147483647
  0.43    -32768    -32768 -32768 -32768 -32768 -32768    255    255    255    255    0 2147483647
  0.45    -32768    -32768 -32768 -32768 -32768 -32768    255    255    255    255    0 2147483647
  0.47    -32768    -32768 -32768 -32768 -32768 -32768    255    255    255    255    0 2147483647
  0.49    -32768    -32768 -32768 -32768 -32768 -32768    255    255    255    255    0 2147483647
  0.51    -32768    -32768 -32768 -32768 -32768 -32768    255    255    255    255    0 2147483647
  0.53    -32768    -32768 -32768 -32768 -32768 -32768    255    255    255    255    0 2147483647
  0.55    -32768    -32768 -32768 -32768 -32768 -32768    255    255    255    255    0 2147483647
  0.57    -32768    -32768 -32768 -32768 -32768 -32768    255    255    255    255    0 2147483647
  0.59    -32768    -32768 -32768 -32768 -32768 -32768    255    255    255    255    0 2147483647
  0.61    -32768    -32768 -32768 -32768 -32768 -32768    255    255    255    255    0 2147483647
  0.63    -32768    -32768 -32768 -32768 -32768 -32768    255    255    255    255    0 2147483647
  0.65    -32768    -32768 -32768 -32768 -32768 -32768    255    255    255    255    0 2147483647
  0.67    -32768    -32768 -32768 -32768 -32768 -32768    255    255    255    255    0 2147483647
  0.69    -32768    -32768 -32768 -32768 -32768 -32768    255    255    255    255    0 2147483647
  0.71    -32768    -32768 -32768 -32768 -32768 -32768    255    255    255    255    0 2147483647
  0.73    -32768    -32768 -32768 -32768 -32768 -32768    255    255    255    255    0 2147483647
18 5 29 9 57 10 18   176      1    6.000   -1.050  326.100   14.880 
-43.98   -24.37    -1.00    -0.40     0.00     0.00     0.00     0.00     0.43     0.33     0.34     0.37 
4.55         9.57        -3.57        -2.69         4.47
30000.0000000 30000.0000000 -32768   -32768         0.0
0.1           0.3           0.2          -0.0           1.0          -0.0           1.0  0.15   0.25
30 cm BT dB 0.44  1.042
  0.15     81.83    147.71   43.7  -69.2   -7.0    8.7   67.8   70.9   74.4   79.7  100       0.01
  0.17     63.82    127.27   50.8  -38.6  -13.1   -1.7   68.2   69.1   74.0   79.7  100       0.01
  0.19     41.23    160.14   14.0  -38.8   -5.5    9.3   68.3   67.4   70.9   78.5  100       0.00
  0.21     83.85    128.68   65.5  -52.4   -5.5  -11.0   67.9   68.3   71.4   78.9  100       0.01
  0.23     28.15    142.64   17.1  -22.4    4.7   29.4   66.2   66.6   70.1   77.2  100       0.00
  0.25    103.49    124.92   84.9  -59.2   -5.4   -0.3   64.9   66.2   71.1   76.4  100       0.01
  0.27    -32768    -32768 -32768 -32768 -32768 -32768    255    255    255    255    0 2147483647
  0.29    -32768    -32768 -32768 -32768 -32768 -32768    255    255    255    255    0 2147483647
  0.31    -32768    -32768 -32768 -32768 -32768 -32768    255    255    255    255    0 2147483647
  0.33    -32768    -32768 -32768 -32768 -32768 -32768    255    255    255    255    0 2147483647
  0.35    -32768    -32768 -32768 -32768 -32768 -32768    255    255    255    255    0 2147483647
  0.37    -32768    -32768 -32768 -32768 -32768 -32768    255    255    255    255    0 2147483647
  0.39    -32768    -32768 -32768 -32768 -32768 -32768    255    255    255    255    0 2147483647
  0.41    -32768    -32768 -32768 -32768 -32768 -32768    255    255    255    255    0 2147483647
  0.43    -32768    -32768 -32768 -32768 -32768 -32768    255    255    255    255    0 2147483647
  0.45    -32768    -32768 -32768 -32768 -32768 -32768    255    255    255    255    0 2147483647
  0.47    -32768    -32768 -32768 -32768 -32768 -32768    255    255    255    255    0 2147483647
  0.49    -32768    -32768 -32768 -32768 -32768 -32768    255    255    255    255    0 2147483647
  0.51    -32768    -32768 -32768 -32768 -32768 -32768    255    255    255    255    0 2147483647
  0.53    -32768    -32768 -32768 -32768 -32768 -32768    255    255    255    255    0 2147483647
  0.55    -32768    -32768 -32768 -32768 -32768 -32768    255    255    255    255    0 2147483647
  0.57    -32768    -32768 -32768 -32768 -32768 -32768    255    255    255    255    0 2147483647
  0.59    -32768    -32768 -32768 -32768 -32768 -32768    255    255    255    255    0 2147483647
  0.61    -32768    -32768 -32768 -32768 -32768 -32768    255    255    255    255    0 2147483647
  0.63    -32768    -32768 -32768 -32768 -32768 -32768    255    255    255    255    0 2147483647
  0.65    -32768    -32768 -32768 -32768 -32768 -32768    255    255    255    255    0 2147483647
  0.67    -32768    -32768 -32768 -32768 -32768 -32768    255    255    255    255    0 2147483647
  0.69    -32768    -32768 -32768 -32768 -32768 -32768    255    255    255    255    0 2147483647
  0.71    -32768    -32768 -32768 -32768 -32768 -32768    255    255    255    255    0 2147483647
  0.73    -32768    -32768 -32768 -32768 -32768 -32768    255    255    255    255    0 2147483647
18 5 29 9 57 11 30   177      1    2.470    0.610  323.860   14.880 
-47.73   -28.41     2.00     3.00     0.00     0.00     0.00     0.00     0.36     0.40     0.40     0.38 
5.17        10.69        -3.89        -3.23         5.06
30000.0000000 30000.0000000 -32768   -32768         0.0
0.2           0.4           0.2          -0.0           1.0          -0.0           1.0  0.15   0.27
30 cm BT dB 0.44  1.042
  0.15     98.30    131.70   73.4  -65.4   -8.8   20.4   68.6   68.6   72.2   79.3  100       0.01
  0.17     81.54    129.81   62.6  -52.2    0.0    5.6   68.2   69.1   72.2   79.7  100       0.01
  0.19     73.84    130.71   56.0  -48.2    3.1   16.0   66.5   67.9   72.7   79.3  100       0.01
  0.21     54.77    133.66   39.6  -37.8    4.2   -5.4   67.5   68.3   71.4   78.9  100       0.01
  0.23     30.17    147.66   16.1  -25.5    8.9   13.3   65.3   67.1   70.6   77.2  100       0.00
  0.25     26.46    122.82   22.2  -14.3    3.0   27.4   65.8   67.1   71.5   76.4  100       0.00
  0.27     32.98     92.95   32.9   -1.7    7.6   -6.6   64.5   66.3   69.8   76.4  100       0.00
  0.29    -32768    -32768 -32768 -32768 -32768 -32768    255    255    255    255    0 2147483647
  0.31    -32768    -32768 -32768 -32768 -32768 -32768    255    255    255    255    0 2147483647
  0.33    -32768    -32768 -32768 -32768 -32768 -32768    255    255    255    255    0 2147483647
  0.35    -32768    -32768 -32768 -32768 -32768 -32768    255    255    255    255    0 2147483647
  0.37    -32768    -32768 -32768 -32768 -32768 -32768    255    255    255    255    0 2147483647
  0.39    -32768    -32768 -32768 -32768 -32768 -32768    255    255    255    255    0 2147483647
  0.41    -32768    -32768 -32768 -32768 -32768 -32768    255    255    255    255    0 2147483647
  0.43    -32768    -32768 -32768 -32768 -32768 -32768    255    255    255    255    0 2147483647
  0.45    -32768    -32768 -32768 -32768 -32768 -32768    255    255    255    255    0 2147483647
  0.47    -32768    -32768 -32768 -32768 -32768 -32768    255    255    255    255    0 2147483647
  0.49    -32768    -32768 -32768 -32768 -32768 -32768    255    255    255    255    0 2147483647
  0.51    -32768    -32768 -32768 -32768 -32768 -32768    255    255    255    255    0 2147483647
  0.53    -32768    -32768 -32768 -32768 -32768 -32768    255    255    255    255    0 2147483647
  0.55    -32768    -32768 -32768 -32768 -32768 -32768    255    255    255    255    0 2147483647
  0.57    -32768    -32768 -32768 -32768 -32768 -32768    255    255    255    255    0 2147483647
  0.59    -32768    -32768 -32768 -32768 -32768 -32768    255    255    255    255    0 2147483647
  0.61    -32768    -32768 -32768 -32768 -32768 -32768    255    255    255    255    0 2147483647
  0.63    -32768    -32768 -32768 -32768 -32768 -32768    255    255    255    255    0 2147483647
  0.65    -32768    -32768 -32768 -32768 -32768 -32768    255    255    255    255    0 2147483647
  0.67    -32768    -32768 -32768 -32768 -32768 -32768    255    255    255    255    0 2147483647
  0.69    -32768    -32768 -32768 -32768 -32768 -32768    255    255    255    255    0 2147483647
  0.71    -32768    -32768 -32768 -32768 -32768 -32768    255    255    255    255    0 2147483647
  0.73    -32768    -32768 -32768 -32768 -32768 -32768    255    255    255    255    0 2147483647
18 5 29 9 57 12 44   178      1    0.100    0.160  328.260   14.880 
-46.39   -35.63    -0.90    -0.00     0.00     0.00     0.00     0.00     0.34     0.35     0.31     0.33 
5.84        11.83        -4.30        -3.75         5.71
30000.0000000 30000.0000000 -32768   -32768         0.0
0.2           0.5           0.2          -0.0           1.0          -0.0           1.0  0.15   0.23
30 cm BT dB 0.44  1.042
  0.15     94.67    136.56   65.1  -68.7   -9.0   -1.1   68.2   67.3   72.2   79.3  100       0.01
  0.17     73.17    162.58   21.9  -69.8    3.2   15.6   67.8   68.2   74.4   79.3  100       0.01
  0.19     82.62    128.60   64.6  -51.5   -4.6   44.7   69.2   68.3   73.6   78.0  100       0.01
  0.21     91.18    126.03   73.7  -53.6    8.2  -10.3   67.0   66.1   71.4   78.5  100       0.01
  0.23    117.66    134.94   83.3  -83.1    5.3  -13.7   66.6   67.1   71.9   76.8  100       0.02
  0.25    -32768    -32768 -32768 -32768 -32768 -32768    255    255    255    255    0 2147483647
  0.27    -32768    -32768 -32768 -32768 -32768 -32768    255    255    255    255    0 2147483647
  0.29    -32768    -32768 -32768 -32768 -32768 -32768    255    255    255    255    0 2147483647
  0.31    -32768    -32768 -32768 -32768 -32768 -32768    255    255    255    255    0 2147483647
  0.33    -32768    -32768 -32768 -32768 -32768 -32768    255    255    255    255    0 2147483647
  0.35    -32768    -32768 -32768 -32768 -32768 -32768    255    255    255    255    0 2147483647
  0.37    -32768    -32768 -32768 -32768 -32768 -32768    255    255    255    255    0 2147483647
  0.39    -32768    -32768 -32768 -32768 -32768 -32768    255    255    255    255    0 2147483647
  0.41    -32768    -32768 -32768 -32768 -32768 -32768    255    255    255    255    0 2147483647
  0.43    -32768    -32768 -32768 -32768 -32768 -32768    255    255    255    255    0 2147483647
  0.45    -32768    -32768 -32768 -32768 -32768 -32768    255    255    255    255    0 2147483647
  0.47    -32768    -32768 -32768 -32768 -32768 -32768    255    255    255    255    0 2147483647
  0.49    -32768    -32768 -32768 -32768 -32768 -32768    255    255    255    255    0 2147483647
  0.51    -32768    -32768 -32768 -32768 -32768 -32768    255    255    255    255    0 2147483647
  0.53    -32768    -32768 -32768 -32768 -32768 -32768    255    255    255    255    0 2147483647
  0.55    -32768    -32768 -32768 -32768 -32768 -32768    255    255    255    255    0 2147483647
  0.57    -32768    -32768 -32768 -32768 -32768 -32768    255    255    255    255    0 2147483647
  0.59    -32768    -32768 -32768 -32768 -32768 -32768    255    255    255    255    0 2147483647
  0.61    -32768    -32768 -32768 -32768 -32768 -32768    255    255    255    255    0 2147483647
  0.63    -32768    -32768 -32768 -32768 -32768 -32768    255    255    255    255    0 2147483647
  0.65    -32768    -32768 -32768 -32768 -32768 -32768    255    255    255    255    0 2147483647
  0.67    -32768    -32768 -32768 -32768 -32768 -32768    255    255    255    255    0 2147483647
  0.69    -32768    -32768 -32768 -32768 -32768 -32768    255    255    255    255    0 2147483647
  0.71    -32768    -32768 -32768 -32768 -32768 -32768    255    255    255    255    0 2147483647
  0.73    -32768    -32768 -32768 -32768 -32768 -32768    255    255    255    255    0 2147483647
18 5 29 9 57 13 59   179      1   -2.560    5.730  324.670   14.880 
-25.15   -28.49    -3.90     0.30     0.00     0.00     0.00     0.00     0.38     0.36     0.33     0.37 
6.28        12.98        -4.63        -4.04         6.15
30000.0000000 30000.0000000 -32768   -32768         0.0
0.3           0.5           0.3           0.1           1.0           0.2           1.0  0.15   0.25
30 cm BT dB 0.44  1.042
  0.15     66.82     99.85   65.8  -11.4   -0.4  -10.0   69.1   69.1   73.5   79.7  100       0.00
  0.17     57.89     97.29   57.4   -7.3    8.2  -13.6   66.9   67.8   72.7   79.3  100       0.00
  0.19     25.94    112.27   24.0   -9.8    1.2   10.9   67.9   67.4   73.2   79.3  100       0.00
  0.21     29.67    129.23   23.0  -18.8   12.2   32.7   67.0   67.0   72.8   78.1  100       0.00
  0.23     61.71    157.78   23.3  -57.1    1.0   19.5   67.5   67.5   71.0   78.1  100       0.00
  0.25     44.46     82.27   44.1    6.0   -8.1   -1.9   64.9   66.2   70.6   76.8  100       0.00
  0.27    -32768    -32768 -32768 -32768 -32768 -32768    255    255    255    255    0 2147483647
  0.29    -32768    -32768 -32768 -32768 -32768 -32768    255    255    255    255    0 2147483647
  0.31    -32768    -32768 -32768 -32768 -32768 -32768    255    255    255    255    0 2147483647
  0.33    -32768    -32768 -32768 -32768 -32768 -32768    255    255    255    255    0 2147483647
  0.35    -32768    -32768 -32768 -32768 -32768 -32768    255    255    255    255    0 2147483647
  0.37    -32768    -32768 -32768 -32768 -32768 -32768    255    255    255    255    0 2147483647
  0.39    -32768    -32768 -32768 -32768 -32768 -32768    255    255    255    255    0 2147483647
  0.41    -32768    -32768 -32768 -32768 -32768 -32768    255    255    255    255    0 2147483647
  0.43    -32768    -32768 -32768 -32768 -32768 -32768    255    255    255    255    0 2147483647
  0.45    -32768    -32768 -32768 -32768 -32768 -32768    255    255    255    255    0 2147483647
  0.47    -32768    -32768 -32768 -32768 -32768 -32768    255    255    255    255    0 2147483647
  0.49    -32768    -32768 -32768 -32768 -32768 -32768    255    255    255    255    0 2147483647
  0.51    -32768    -32768 -32768 -32768 -32768 -32768    255    255    255    255    0 2147483647
  0.53    -32768    -32768 -32768 -32768 -32768 -32768    255    255    255    255    0 2147483647
  0.55    -32768    -32768 -32768 -32768 -32768 -32768    255    255    255    255    0 2147483647
  0.57    -32768    -32768 -32768 -32768 -32768 -32768    255    255    255    255    0 2147483647
  0.59    -32768    -32768 -32768 -32768 -32768 -32768    255    255    255    255    0 2147483647
  0.61    -32768    -32768 -32768 -32768 -32768 -32768    255    255    255    255    0 2147483647
  0.63    -32768    -32768 -32768 -32768 -32768 -32768    255    255    255    255    0 2147483647
  0.65    -32768    -32768 -32768 -32768 -32768 -32768    255    255    255    255    0 2147483647
  0.67    -32768    -32768 -32768 -32768 -32768 -32768    255    255    255    255    0 2147483647
  0.69    -32768    -32768 -32768 -32768 -32768 -32768    255    255    255    255    0 2147483647
  0.71    -32768    -32768 -32768 -32768 -32768 -32768    255    255    255    255    0 2147483647
  0.73    -32768    -32768 -32768 -32768 -32768 -32768    255    255    255    255    0 2147483647
18 5 29 9 57 14 73   180      1    4.540    2.550  342.510   14.880 
-32768  -32768  -32768  -32768     0.00     0.00     0.00     0.00     0.34     0.36     0.36     0.33 
6.28        14.12        -4.63        -4.04         6.15
30000.0000000 30000.0000000 -32768   -32768         0.0
0.3           0.5           0.3           0.1           1.0           0.2           1.0  0.00   0.00
30 cm BT dB 0.44  1.042
  0.15    -32768    -32768 -32768 -32768 -32768  -22.4   68.2   68.6   72.2   79.3  100 2147483647
  0.17    -32768    -32768 -32768 -32768 -32768  -25.1   66.0   68.2   74.4   78.9  100 2147483647
  0.19    -32768    -32768 -32768 -32768 -32768   -2.4   66.5   68.7   72.7   78.5  100 2147483647
  0.21    -32768    -32768 -32768 -32768 -32768   -4.4   66.1   67.0   72.3   78.5  100 2147483647
  0.23    -32768    -32768 -32768 -32768 -32768   -8.8   66.6   66.6   70.6   76.3  100 2147483647
  0.25    -32768    -32768 -32768 -32768 -32768   13.1   66.2   66.2   69.8   77.7  100 2147483647
  0.27    -32768    -32768 -32768 -32768 -32768 -32768    255    255    255    255    0 2147483647
  0.29    -32768    -32768 -32768 -32768 -32768 -32768    255    255    255    255    0 2147483647
  0.31    -32768    -32768 -32768 -32768 -32768 -32768    255    255    255    255    0 2147483647
  0.33    -32768    -32768 -32768 -32768 -32768 -32768    255    255    255    255    0 2147483647
  0.35    -32768    -32768 -32768 -32768 -32768 -32768    255    255    255    255    0 2147483647
  0.37    -32768    -32768 -32768 -32768 -32768 -32768    255    255    255    255    0 2147483647
  0.39    -32768    -32768 -32768 -32768 -32768 -32768    255    255    255    255    0 2147483647
  0.41    -32768    -32768 -32768 -32768 -32768 -32768    255    255    255    255    0 2147483647
  0.43    -32768    -32768 -32768 -32768 -32768 -32768    255    255    255    255    0 2147483647
  0.45    -32768    -32768 -32768 -32768 -32768 -32768    255    255    255    255    0 2147483647
  0.47    -32768    -32768 -32768 -32768 -32768 -32768    255    255    255    255    0 2147483647
  0.49    -32768    -32768 -32768 -32768 -32768 -32768    255    255    255    255    0 2147483647
  0.51    -32768    -32768 -32768 -32768 -32768 -32768    255    255    255    255    0 2147483647
  0.53    -32768    -32768 -32768 -32768 -32768 -32768    255    255    255    255    0 2147483647
  0.55    -32768    -32768 -32768 -32768 -32768 -32768    255    255    255    255    0 2147483647
  0.57    -32768    -32768 -32768 -32768 -32768 -32768    255    255    255    255    0 2147483647
  0.59    -32768    -32768 -32768 -32768 -32768 -32768    255    255    255    255    0 2147483647
  0.61    -32768    -32768 -32768 -32768 -32768 -32768    255    255    255    255    0 2147483647
  0.63    -32768    -32768 -32768 -32768 -32768 -32768    255    255    255    255    0 2147483647
  0.65    -32768    -32768 -32768 -32768 -32768 -32768    255    255    255    255    0 2147483647
  0.67    -32768    -32768 -32768 -32768 -32768 -32768    255    255    255    255    0 2147483647
  0.69    -32768    -32768 -32768 -32768 -32768 -32768    255    255    255    255    0 2147483647
  0.71    -32768    -32768 -32768 -32768 -32768 -32768    255    255    255    255    0 2147483647
  0.73    -32768    -32768 -32768 -32768 -32768 -32768    255    255    255    255    0 2147483647
18 5 29 9 57 15 88   181      1    4.990    0.300  329.580   14.880 
-40.44   -23.16    -3.50    -6.80     0.00     0.00     0.00     0.00     0.33     0.33     0.36     0.29 
7.35        15.27        -5.16        -4.97         7.16
30000.0000000 30000.0000000 -32768   -32768         0.0
0.3           0.6           0.3           0.1           1.0           0.2           1.0  0.15   0.21
30 cm BT dB 0.44  1.042
  0.15     25.31    122.81   21.3  -13.7   -4.0  -32.5   68.2   69.1   75.3   80.1  100       0.00
  0.17    -32768    -32768 -32768 -32768 -32768 -32768   68.2   68.2   72.2   79.7    0       0.01
  0.19     55.81    141.13   35.0  -43.4  -10.1    6.2   67.9   67.0   75.4   79.8  100       0.01
  0.21     62.80    124.12   52.0  -35.2   -7.9  -10.4   68.3   67.0   74.1   77.6  100       0.01
  0.23    -32768    -32768 -32768 -32768 -32768 -32768    255    255    255    255    0 2147483647
  0.25    -32768    -32768 -32768 -32768 -32768 -32768    255    255    255    255    0 2147483647
  0.27    -32768    -32768 -32768 -32768 -32768 -32768    255    255    255    255    0 2147483647
  0.29    -32768    -32768 -32768 -32768 -32768 -32768    255    255    255    255    0 2147483647
  0.31    -32768    -32768 -32768 -32768 -32768 -32768    255    255    255    255    0 2147483647
  0.33    -32768    -32768 -32768 -32768 -32768 -32768    255    255    255    255    0 2147483647
  0.35    -32768    -32768 -32768 -32768 -32768 -32768    255    255    255    255    0 2147483647
  0.37    -32768    -32768 -32768 -32768 -32768 -32768    255    255    255    255    0 2147483647
  0.39    -32768    -32768 -32768 -32768 -32768 -32768    255    255    255    255    0 2147483647
  0.41    -32768    -32768 -32768 -32768 -32768 -32768    255    255    255    255    0 2147483647
  0.43    -32768    -32768 -32768 -32768 -32768 -32768    255    255    255    255    0 2147483647
  0.45    -32768    -32768 -32768 -32768 -32768 -32768    255    255    255    255    0 2147483647
  0.47    -32768    -32768 -32768 -32768 -32768 -32768    255    255    255    255    0 2147483647
  0.49    -32768    -32768 -32768 -32768 -32768 -32768    255    255    255    255    0 2147483647
  0.51    -32768    -32768 -32768 -32768 -32768 -32768    255    255    255    255    0 2147483647
  0.53    -32768    -32768 -32768 -32768 -32768 -32768    255    255    255    255    0 2147483647
  0.55    -32768    -32768 -32768 -32768 -32768 -32768    255    255    255    255    0 2147483647
  0.57    -32768    -32768 -32768 -32768 -32768 -32768    255    255    255    255    0 2147483647
  0.59    -32768    -32768 -32768 -32768 -32768 -32768    255    255    255    255    0 2147483647
  0.61    -32768    -32768 -32768 -32768 -32768 -32768    255    255    255    255    0 2147483647
  0.63    -32768    -32768 -32768 -32768 -32768 -32768    255    255    255    255    0 2147483647
  0.65    -32768    -32768 -32768 -32768 -32768 -32768    255    255    255    255    0 2147483647
  0.67    -32768    -32768 -32768 -32768 -32768 -32768    255    255    255    255    0 2147483647
  0.69    -32768    -32768 -32768 -32768 -32768 -32768    255    255    255    255    0 2147483647
  0.71    -32768    -32768 -32768 -32768 -32768 -32768    255    255    255    255    0 2147483647
  0.73    -32768    -32768 -32768 -32768 -32768 -32768    255    255    255    255    0 2147483647
18 5 29 9 57 17 5   182      1    1.010    2.850  329.340   14.880 
-48.15   -31.34    -1.70    -2.10     0.00     0.00     0.00     0.00     0.34     0.33     0.32     0.35 
8.02        16.44        -5.52        -5.53         7.82
30000.0000000 30000.0000000 -32768   -32768         0.0
0.3           0.6           0.3           0.1           1.0           0.2           1.0  0.15   0.23
30 cm BT dB 0.44  1.042
  0.15     60.89    187.47   -7.9  -60.4   -1.5  -19.5   67.3   68.6   74.4   81.9  100       0.01
  0.17     67.69    143.15   40.6  -54.2    3.2   13.7   66.9   66.9   74.0   78.9  100       0.01
  0.19     29.12    197.82   -8.9  -27.7    2.7   42.0   67.4   65.2   73.6   78.5  100       0.00
  0.21     59.23    164.01   16.3  -56.9    5.7   -7.8   66.1   66.6   72.8   77.6  100       0.01
  0.23     66.35    129.98   50.8  -42.6    9.6   13.5   67.9   66.2   71.0   77.2  100       0.01
  0.25    -32768    -32768 -32768 -32768 -32768 -32768    255    255    255    255    0 2147483647
  0.27    -32768    -32768 -32768 -32768 -32768 -32768    255    255    255    255    0 2147483647
  0.29    -32768    -32768 -32768 -32768 -32768 -32768    255    255    255    255    0 2147483647
  0.31    -32768    -32768 -32768 -32768 -32768 -32768    255    255    255    255    0 2147483647
  0.33    -32768    -32768 -32768 -32768 -32768 -32768    255    255    255    255    0 2147483647
  0.35    -32768    -32768 -32768 -32768 -32768 -32768    255    255    255    255    0 2147483647
  0.37    -32768    -32768 -32768 -32768 -32768 -32768    255    255    255    255    0 2147483647
  0.39    -32768    -32768 -32768 -32768 -32768 -32768    255    255    255    255    0 2147483647
  0.41    -32768    -32768 -32768 -32768 -32768 -32768    255    255    255    255    0 2147483647
  0.43    -32768    -32768 -32768 -32768 -32768 -32768    255    255    255    255    0 2147483647
  0.45    -32768    -32768 -32768 -32768 -32768 -32768    255    255    255    255    0 2147483647
  0.47    -32768    -32768 -32768 -32768 -32768 -32768    255    255    255    255    0 2147483647
  0.49    -32768    -32768 -32768 -32768 -32768 -32768    255    255    255    255    0 2147483647
  0.51    -32768    -32768 -32768 -32768 -32768 -32768    255    255    255    255    0 2147483647
  0.53    -32768    -32768 -32768 -32768 -32768 -32768    255    255    255    255    0 2147483647
  0.55    -32768    -32768 -32768 -32768 -32768 -32768    255    255    255    255    0 2147483647
  0.57    -32768    -32768 -32768 -32768 -32768 -32768    255    255    255    255    0 2147483647
  0.59    -32768    -32768 -32768 -32768 -32768 -32768    255    255    255    255    0 2147483647
  0.61    -32768    -32768 -32768 -32768 -32768 -32768    255    255    255    255    0 2147483647
  0.63    -32768    -32768 -32768 -32768 -32768 -32768    255    255    255    255    0 2147483647
  0.65    -32768    -32768 -32768 -32768 -32768 -32768    255    255    255    255    0 2147483647
  0.67    -32768    -32768 -32768 -32768 -32768 -32768    255    255    255    255    0 2147483647
  0.69    -32768    -32768 -32768 -32768 -32768 -32768    255    255    255    255    0 2147483647
  0.71    -32768    -32768 -32768 -32768 -32768 -32768    255    255    255    255    0 2147483647
  0.73    -32768    -32768 -32768 -32768 -32768 -32768    255    255    255    255    0 2147483647
18 5 29 9 57 18 21   183      1   -1.480    1.180  325.610   14.880 
-39.04   -33.26    -1.40     9.60     0.00     0.00     0.00     0.00     0.31     0.33     0.36     0.34 
8.61        17.60        -5.91        -5.99         8.41
30000.0000000 30000.0000000 -32768   -32768         0.0
0.4           0.7           0.4           0.1           1.0           0.2           1.0  0.15   0.23
30 cm BT dB 0.44  1.042
  0.15     59.13    141.83   36.5  -46.5   -2.4   38.9   67.8   68.2   72.6   80.6  100       0.01
  0.17     33.55    164.75    8.8  -32.4    6.1   18.7   67.8   68.2   71.8   78.9  100       0.00
  0.19     40.05    157.42   15.4  -37.0    6.0   27.6   67.9   67.9   71.8   79.3  100       0.00
  0.21     77.18    141.75   47.8  -60.6    7.1    1.6   66.1   68.8   70.5   75.4  100       0.01
  0.23     43.11     90.41   43.1   -0.3   11.5   51.5   65.3   66.2   71.5   76.3  100       0.00
  0.25    -32768    -32768 -32768 -32768 -32768 -32768    255    255    255    255    0 2147483647
  0.27    -32768    -32768 -32768 -32768 -32768 -32768    255    255    255    255    0 2147483647
  0.29    -32768    -32768 -32768 -32768 -32768 -32768    255    255    255    255    0 2147483647
  0.31    -32768    -32768 -32768 -32768 -32768 -32768    255    255    255    255    0 2147483647
  0.33    -32768    -32768 -32768 -32768 -32768 -32768    255    255    255    255    0 2147483647
  0.35    -32768    -32768 -32768 -32768 -32768 -32768    255    255    255    255    0 2147483647
  0.37    -32768    -32768 -32768 -32768 -32768 -32768    255    255    255    255    0 2147483647
  0.39    -32768    -32768 -32768 -32768 -32768 -32768    255    255    255    255    0 2147483647
  0.41    -32768    -32768 -32768 -32768 -32768 -32768    255    255    255    255    0 2147483647
  0.43    -32768    -32768 -32768 -32768 -32768 -32768    255    255    255    255    0 2147483647
  0.45    -32768    -32768 -32768 -32768 -32768 -32768    255    255    255    255    0 2147483647
  0.47    -32768    -32768 -32768 -32768 -32768 -32768    255    255    255    255    0 2147483647
  0.49    -32768    -32768 -32768 -32768 -32768 -32768    255    255    255    255    0 2147483647
  0.51    -32768    -32768 -32768 -32768 -32768 -32768    255    255    255    255    0 2147483647
  0.53    -32768    -32768 -32768 -32768 -32768 -32768    255    255    255    255    0 2147483647
  0.55    -32768    -32768 -32768 -32768 -32768 -32768    255    255    255    255    0 2147483647
  0.57    -32768    -32768 -32768 -32768 -32768 -32768    255    255    255    255    0 2147483647
  0.59    -32768    -32768 -32768 -32768 -32768 -32768    255    255    255    255    0 2147483647
  0.61    -32768    -32768 -32768 -32768 -32768 -32768    255    255    255    255    0 2147483647
  0.63    -32768    -32768 -32768 -32768 -32768 -32768    255    255    255    255    0 2147483647
  0.65    -32768    -32768 -32768 -32768 -32768 -32768    255    255    255    255    0 2147483647
  0.67    -32768    -32768 -32768 -32768 -32768 -32768    255    255    255    255    0 2147483647
  0.69    -32768    -32768 -32768 -32768 -32768 -32768    255    255    255    255    0 2147483647
  0.71    -32768    -32768 -32768 -32768 -32768 -32768    255    255    255    255    0 2147483647
  0.73    -32768    -32768 -32768 -32768 -32768 -32768    255    255    255    255    0 2147483647
18 5 29 9 57 19 38   184      1    0.370    0.060  333.990   14.880 
-32768  -32768  -32768  -32768     0.00     0.00     0.00     0.00     0.30     0.25     0.29     0.26 
8.61        18.77        -5.91        -5.99         8.41
30000.0000000 30000.0000000 -32768   -32768         0.0
0.4           0.7           0.4           0.1           1.0           0.2           1.0  0.00   0.00
30 cm BT dB 0.44  1.042
  0.15    -32768    -32768 -32768 -32768 -32768   19.3   66.4   66.4   73.1   76.6  100 2147483647
  0.17    -32768    -32768 -32768 -32768 -32768  -25.1   67.4   67.8   72.7   76.2  100 2147483647
  0.19    -32768    -32768 -32768 -32768 -32768 -32768    255    255    255    255    0 2147483647
  0.21    -32768    -32768 -32768 -32768 -32768 -32768    255    255    255    255    0 2147483647
  0.23    -32768    -32768 -32768 -32768 -32768 -32768    255    255    255    255    0 2147483647
  0.25    -32768    -32768 -32768 -32768 -32768 -32768    255    255    255    255    0 2147483647
  0.27    -32768    -32768 -32768 -32768 -32768 -32768    255    255    255    255    0 2147483647
  0.29    -32768    -32768 -32768 -32768 -32768 -32768    255    255    255    255    0 2147483647
  0.31    -32768    -32768 -32768 -32768 -32768 -32768    255    255    255    255    0 2147483647
  0.33    -32768    -32768 -32768 -32768 -32768 -32768    255    255    255    255    0 2147483647
  0.35    -32768    -32768 -32768 -32768 -32768 -32768    255    255    255    255    0 2147483647
  0.37    -32768    -32768 -32768 -32768 -32768 -32768    255    255    255    255    0 2147483647
  0.39    -32768    -32768 -32768 -32768 -32768 -32768    255    255    255    255    0 2147483647
  0.41    -32768    -32768 -32768 -32768 -32768 -32768    255    255    255    255    0 2147483647
  0.43    -32768    -32768 -32768 -32768 -32768 -32768    255    255    255    255    0 2147483647
  0.45    -32768    -32768 -32768 -32768 -32768 -32768    255    255    255    255    0 2147483647
  0.47    -32768    -32768 -32768 -32768 -32768 -32768    255    255    255    255    0 2147483647
  0.49    -32768    -32768 -32768 -32768 -32768 -32768    255    255    255    255    0 2147483647
  0.51    -32768    -32768 -32768 -32768 -32768 -32768    255    255    255    255    0 2147483647
  0.53    -32768    -32768 -32768 -32768 -32768 -32768    255    255    255    255    0 2147483647
  0.55    -32768    -32768 -32768 -32768 -32768 -32768    255    255    255    255    0 2147483647
  0.57    -32768    -32768 -32768 -32768 -32768 -32768    255    255    255    255    0 2147483647
  0.59    -32768    -32768 -32768 -32768 -32768 -32768    255    255    255    255    0 2147483647
  0.61    -32768    -32768 -32768 -32768 -32768 -32768    255    255    255    255    0 2147483647
  0.63    -32768    -32768 -32768 -32768 -32768 -32768    255    255    255    255    0 2147483647
  0.65    -32768    -32768 -32768 -32768 -32768 -32768    255    255    255    255    0 2147483647
  0.67    -32768    -32768 -32768 -32768 -32768 -32768    255    255    255    255    0 2147483647
  0.69    -32768    -32768 -32768 -32768 -32768 -32768    255    255    255    255    0 2147483647
  0.71    -32768    -32768 -32768 -32768 -32768 -32768    255    255    255    255    0 2147483647
  0.73    -32768    -32768 -32768 -32768 -32768 -32768    255    255    255    255    0 2147483647
18 5 29 9 57 20 54   185      1    1.610   -2.830  315.090   14.880 
-34.46   -14.16     2.50    -6.40     0.00     0.00     0.00     0.00     0.22     0.29     0.25     0.22 
9.48        19.93        -6.24        -6.79         9.22
30000.0000000 30000.0000000 -32768   -32768         0.0
0.4           0.7           0.4           0.1           1.0           0.2           1.0  0.00   0.00
30 cm BT dB 0.44  1.042
  0.15    -32768    -32768 -32768 -32768 -32768 -32768    255    255    255    255    0 2147483647
  0.17    -32768    -32768 -32768 -32768 -32768 -32768    255    255    255    255    0 2147483647
  0.19    -32768    -32768 -32768 -32768 -32768 -32768    255    255    255    255    0 2147483647
  0.21    -32768    -32768 -32768 -32768 -32768 -32768    255    255    255    255    0 2147483647
  0.23    -32768    -32768 -32768 -32768 -32768 -32768    255    255    255    255    0 2147483647
  0.25    -32768    -32768 -32768 -32768 -32768 -32768    255    255    255    255    0 2147483647
  0.27    -32768    -32768 -32768 -32768 -32768 -32768    255    255    255    255    0 2147483647
  0.29    -32768    -32768 -32768 -32768 -32768 -32768    255    255    255    255    0 2147483647
  0.31    -32768    -32768 -32768 -32768 -32768 -32768    255    255    255    255    0 2147483647
  0.33    -32768    -32768 -32768 -32768 -32768 -32768    255    255    255    255    0 2147483647
  0.35    -32768    -32768 -32768 -32768 -32768 -32768    255    255    255    255    0 2147483647
  0.37    -32768    -32768 -32768 -32768 -32768 -32768    255    255    255    255    0 2147483647
  0.39    -32768    -32768 -32768 -32768 -32768 -32768    255    255    255    255    0 2147483647
  0.41    -32768    -32768 -32768 -32768 -32768 -32768    255    255    255    255    0 2147483647
  0.43    -32768    -32768 -32768 -32768 -32768 -32768    255    255    255    255    0 2147483647
  0.45    -32768    -32768 -32768 -32768 -32768 -32768    255    255    255    255    0 2147483647
  0.47    -32768    -32768 -32768 -32768 -32768 -32768    255    255    255    255    0 2147483647
  0.49    -32768    -32768 -32768 -32768 -32768 -32768    255    255    255    255    0 2147483647
  0.51    -32768    -32768 -32768 -32768 -32768 -32768    255    255    255    255    0 2147483647
  0.53    -32768    -32768 -32768 -32768 -32768 -32768    255    255    255    255    0 2147483647
  0.55    -32768    -32768 -32768 -32768 -32768 -32768    255    255    255    255    0 2147483647
  0.57    -32768    -32768 -32768 -32768 -32768 -32768    255    255    255    255    0 2147483647
  0.59    -32768    -32768 -32768 -32768 -32768 -32768    255    255    255    255    0 2147483647
  0.61    -32768    -32768 -32768 -32768 -32768 -32768    255    255    255    255    0 2147483647
  0.63    -32768    -32768 -32768 -32768 -32768 -32768    255    255    255    255    0 2147483647
  0.65    -32768    -32768 -32768 -32768 -32768 -32768    255    255    255    255    0 2147483647
  0.67    -32768    -32768 -32768 -32768 -32768 -32768    255    255    255    255    0 2147483647
  0.69    -32768    -32768 -32768 -32768 -32768 -32768    255    255    255    255    0 2147483647
  0.71    -32768    -32768 -32768 -32768 -32768 -32768    255    255    255    255    0 2147483647
  0.73    -32768    -32768 -32768 -32768 -32768 -32768    255    255    255    255    0 2147483647
18 5 29 9 57 21 72   186      1    4.670   10.470  264.020   14.880 
-0.81   -51.77    -1.80     4.00     0.00     0.00     0.00     0.00     0.31     0.30     0.34     0.30 
10.09        21.11        -6.85        -6.80         9.65
30000.0000000 30000.0000000 -32768   -32768         0.0
0.4           0.8           0.4           0.1           1.0           0.2           1.0  0.15   0.21
30 cm BT dB 0.44  1.042
  0.15     26.87     79.75   26.4    4.8  -15.6    5.6   66.4   70.0   72.6   77.0  100       0.01
  0.17     22.52     81.73   22.3    3.2  -15.9   37.2   67.4   68.2   69.6   78.0  100       0.01
  0.19     49.65    103.18   48.3  -11.3  -10.2   40.2   65.6   68.7   71.8   77.6  100       0.02
  0.21     50.14     96.81   49.8   -5.9   -5.6  -34.1   65.7   67.9   69.7   77.6  100       0.02
  0.23    -32768    -32768 -32768 -32768 -32768 -32768    255    255    255    255    0 2147483647
  0.25    -32768    -32768 -32768 -32768 -32768 -32768    255    255    255    255    0 2147483647
  0.27    -32768    -32768 -32768 -32768 -32768 -32768    255    255    255    255    0 2147483647
  0.29    -32768    -32768 -32768 -32768 -32768 -32768    255    255    255    255    0 2147483647
  0.31    -32768    -32768 -32768 -32768 -32768 -32768    255    255    255    255    0 2147483647
  0.33    -32768    -32768 -32768 -32768 -32768 -32768    255    255    255    255    0 2147483647
  0.35    -32768    -32768 -32768 -32768 -32768 -32768    255    255    255    255    0 2147483647
  0.37    -32768    -32768 -32768 -32768 -32768 -32768    255    255    255    255    0 2147483647
  0.39    -32768    -32768 -32768 -32768 -32768 -32768    255    255    255    255    0 2147483647
  0.41    -32768    -32768 -32768 -32768 -32768 -32768    255    255    255    255    0 2147483647
  0.43    -32768    -32768 -32768 -32768 -32768 -32768    255    255    255    255    0 2147483647
  0.45    -32768    -32768 -32768 -32768 -32768 -32768    255    255    255    255    0 2147483647
  0.47    -32768    -32768 -32768 -32768 -32768 -32768    255    255    255    255    0 2147483647
  0.49    -32768    -32768 -32768 -32768 -32768 -32768    255    255    255    255    0 2147483647
  0.51    -32768    -32768 -32768 -32768 -32768 -32768    255    255    255    255    0 2147483647
  0.53    -32768    -32768 -32768 -32768 -32768 -32768    255    255    255    255    0 2147483647
  0.55    -32768    -32768 -32768 -32768 -32768 -32768    255    255    255    255    0 2147483647
  0.57    -32768    -32768 -32768 -32768 -32768 -32768    255    255    255    255    0 2147483647
  0.59    -32768    -32768 -32768 -32768 -32768 -32768    255    255    255    255    0 2147483647
  0.61    -32768    -32768 -32768 -32768 -32768 -32768    255    255    255    255    0 2147483647
  0.63    -32768    -32768 -32768 -32768 -32768 -32768    255    255    255    255    0 2147483647
  0.65    -32768    -32768 -32768 -32768 -32768 -32768    255    255    255    255    0 2147483647
  0.67    -32768    -32768 -32768 -32768 -32768 -32768    255    255    255    255    0 2147483647
  0.69    -32768    -32768 -32768 -32768 -32768 -32768    255    255    255    255    0 2147483647
  0.71    -32768    -32768 -32768 -32768 -32768 -32768    255    255    255    255    0 2147483647
  0.73    -32768    -32768 -32768 -32768 -32768 -32768    255    255    255    255    0 2147483647
18 5 29 9 57 22 87   187      1   -4.420    1.540  272.280   14.880 
-32768  -32768  -32768  -32768     0.00     0.00     0.00     0.00     0.29     0.29     0.31     0.74 
10.09        22.26        -6.85        -6.80         9.65
30000.0000000 30000.0000000 -32768   -32768         0.0
0.4           0.8           0.4           0.1           1.0           0.2           1.0  0.00   0.00
30 cm BT dB 0.44  1.042
  0.15    -32768    -32768 -32768 -32768 -32768  -16.1   62.9   64.7   69.1   76.2  100 2147483647
  0.17    -32768    -32768 -32768 -32768 -32768    1.1   65.6   64.7   70.9   73.6  100 2147483647
  0.19    -32768    -32768 -32768 -32768 -32768    5.3   63.4   64.3   70.1   75.8  100 2147483647
  0.21    -32768    -32768 -32768 -32768 -32768 -32768   64.4   64.4   69.2   73.6    0 2147483647
  0.23    -32768    -32768 -32768 -32768 -32768 -32768    255    255    255    255    0 2147483647
  0.25    -32768    -32768 -32768 -32768 -32768 -32768    255    255    255    255    0 2147483647
  0.27    -32768    -32768 -32768 -32768 -32768 -32768    255    255    255    255    0 2147483647
  0.29    -32768    -32768 -32768 -32768 -32768 -32768    255    255    255    255    0 2147483647
  0.31    -32768    -32768 -32768 -32768 -32768 -32768    255    255    255    255    0 2147483647
  0.33    -32768    -32768 -32768 -32768 -32768 -32768    255    255    255    255    0 2147483647
  0.35    -32768    -32768 -32768 -32768 -32768 -32768    255    255    255    255    0 2147483647
  0.37    -32768    -32768 -32768 -32768 -32768 -32768    255    255    255    255    0 2147483647
  0.39    -32768    -32768 -32768 -32768 -32768 -32768    255    255    255    255    0 2147483647
  0.41    -32768    -32768 -32768 -32768 -32768 -32768    255    255    255    255    0 2147483647
  0.43    -32768    -32768 -32768 -32768 -32768 -32768    255    255    255    255    0 2147483647
  0.45    -32768    -32768 -32768 -32768 -32768 -32768    255    255    255    255    0 2147483647
  0.47    -32768    -32768 -32768 -32768 -32768 -32768    255    255    255    255    0 2147483647
  0.49    -32768    -32768 -32768 -32768 -32768 -32768    255    255    255    255    0 2147483647
  0.51    -32768    -32768 -32768 -32768 -32768 -32768    255    255    255    255    0 2147483647
  0.53    -32768    -32768 -32768 -32768 -32768 -32768    255    255    255    255    0 2147483647
  0.55    -32768    -32768 -32768 -32768 -32768 -32768    255    255    255    255    0 2147483647
  0.57    -32768    -32768 -32768 -32768 -32768 -32768    255    255    255    255    0 2147483647
  0.59    -32768    -32768 -32768 -32768 -32768 -32768    255    255    255    255    0 2147483647
  0.61    -32768    -32768 -32768 -32768 -32768 -32768    255    255    255    255    0 2147483647
  0.63    -32768    -32768 -32768 -32768 -32768 -32768    255    255    255    255    0 2147483647
  0.65    -32768    -32768 -32768 -32768 -32768 -32768    255    255    255    255    0 2147483647
  0.67    -32768    -32768 -32768 -32768 -32768 -32768    255    255    255    255    0 2147483647
  0.69    -32768    -32768 -32768 -32768 -32768 -32768    255    255    255    255    0 2147483647
  0.71    -32768    -32768 -32768 -32768 -32768 -32768    255    255    255    255    0 2147483647
  0.73    -32768    -32768 -32768 -32768 -32768 -32768    255    255    255    255    0 2147483647
18 5 29 9 57 24 7   188      1    0.780   -1.900  310.620   14.880 
-32768  -32768  -32768  -32768     0.00     0.00     0.00     0.00     0.26     0.74     0.26     0.27 
10.09        23.46        -6.85        -6.80         9.65
30000.0000000 30000.0000000 -32768   -32768         0.0
0.4           0.8           0.4           0.1           1.0           0.2           1.0  0.00   0.00
30 cm BT dB 0.44  1.042
  0.15    -32768    -32768 -32768 -32768 -32768   -0.8   66.0   67.3   66.9   74.8  100 2147483647
  0.17    -32768    -32768 -32768 -32768 -32768   14.1   64.7   65.6   69.1   74.0  100 2147483647
  0.19    -32768    -32768 -32768 -32768 -32768 -32768    255    255    255    255    0 2147483647
  0.21    -32768    -32768 -32768 -32768 -32768 -32768    255    255    255    255    0 2147483647
  0.23    -32768    -32768 -32768 -32768 -32768 -32768    255    255    255    255    0 2147483647
  0.25    -32768    -32768 -32768 -32768 -32768 -32768    255    255    255    255    0 2147483647
  0.27    -32768    -32768 -32768 -32768 -32768 -32768    255    255    255    255    0 2147483647
  0.29    -32768    -32768 -32768 -32768 -32768 -32768    255    255    255    255    0 2147483647
  0.31    -32768    -32768 -32768 -32768 -32768 -32768    255    255    255    255    0 2147483647
  0.33    -32768    -32768 -32768 -32768 -32768 -32768    255    255    255    255    0 2147483647
  0.35    -32768    -32768 -32768 -32768 -32768 -32768    255    255    255    255    0 2147483647
  0.37    -32768    -32768 -32768 -32768 -32768 -32768    255    255    255    255    0 2147483647
  0.39    -32768    -32768 -32768 -32768 -32768 -32768    255    255    255    255    0 2147483647
  0.41    -32768    -32768 -32768 -32768 -32768 -32768    255    255    255    255    0 2147483647
  0.43    -32768    -32768 -32768 -32768 -32768 -32768    255    255    255    255    0 2147483647
  0.45    -32768    -32768 -32768 -32768 -32768 -32768    255    255    255    255    0 2147483647
  0.47    -32768    -32768 -32768 -32768 -32768 -32768    255    255    255    255    0 2147483647
  0.49    -32768    -32768 -32768 -32768 -32768 -32768    255    255    255    255    0 2147483647
  0.51    -32768    -32768 -32768 -32768 -32768 -32768    255    255    255    255    0 2147483647
  0.53    -32768    -32768 -32768 -32768 -32768 -32768    255    255    255    255    0 2147483647
  0.55    -32768    -32768 -32768 -32768 -32768 -32768    255    255    255    255    0 2147483647
  0.57    -32768    -32768 -32768 -32768 -32768 -32768    255    255    255    255    0 2147483647
  0.59    -32768    -32768 -32768 -32768 -32768 -32768    255    255    255    255    0 2147483647
  0.61    -32768    -32768 -32768 -32768 -32768 -32768    255    255    255    255    0 2147483647
  0.63    -32768    -32768 -32768 -32768 -32768 -32768    255    255    255    255    0 2147483647
  0.65    -32768    -32768 -32768 -32768 -32768 -32768    255    255    255    255    0 2147483647
  0.67    -32768    -32768 -32768 -32768 -32768 -32768    255    255    255    255    0 2147483647
  0.69    -32768    -32768 -32768 -32768 -32768 -32768    255    255    255    255    0 2147483647
  0.71    -32768    -32768 -32768 -32768 -32768 -32768    255    255    255    255    0 2147483647
  0.73    -32768    -32768 -32768 -32768 -32768 -32768    255    255    255    255    0 2147483647
18 5 29 9 57 25 28   189      1    2.120    3.780  294.400   14.880 
2.75   -29.03     1.90     0.10     0.00     0.00     0.00     0.00     0.20     0.22     0.20     0.21 
11.13        24.67        -7.88        -6.70        10.35
30000.0000000 30000.0000000 -32768   -32768         0.0
0.4           0.8           0.4           0.1           1.0           0.2           1.0  0.00   0.00
30 cm BT dB 0.44  1.042
  0.15    -32768    -32768 -32768 -32768 -32768 -32768    255    255    255    255    0 2147483647
  0.17    -32768    -32768 -32768 -32768 -32768 -32768    255    255    255    255    0 2147483647
  0.19    -32768    -32768 -32768 -32768 -32768 -32768    255    255    255    255    0 2147483647
  0.21    -32768    -32768 -32768 -32768 -32768 -32768    255    255    255    255    0 2147483647
  0.23    -32768    -32768 -32768 -32768 -32768 -32768    255    255    255    255    0 2147483647
  0.25    -32768    -32768 -32768 -32768 -32768 -32768    255    255    255    255    0 2147483647
  0.27    -32768    -32768 -32768 -32768 -32768 -32768    255    255    255    255    0 2147483647
  0.29    -32768    -32768 -32768 -32768 -32768 -32768    255    255    255    255    0 2147483647
  0.31    -32768    -32768 -32768 -32768 -32768 -32768    255    255    255    255    0 2147483647
  0.33    -32768    -32768 -32768 -32768 -32768 -32768    255    255    255    255    0 2147483647
  0.35    -32768    -32768 -32768 -32768 -32768 -32768    255    255    255    255    0 2147483647
  0.37    -32768    -32768 -32768 -32768 -32768 -32768    255    255    255    255    0 2147483647
  0.39    -32768    -32768 -32768 -32768 -32768 -32768    255    255    255    255    0 2147483647
  0.41    -32768    -32768 -32768 -32768 -32768 -32768    255    255    255    255    0 2147483647
  0.43    -32768    -32768 -32768 -32768 -32768 -32768    255    255    255    255    0 2147483647
  0.45    -32768    -32768 -32768 -32768 -32768 -32768    255    255    255    255    0 2147483647
  0.47    -32768    -32768 -32768 -32768 -32768 -32768    255    255    255    255    0 2147483647
  0.49    -32768    -32768 -32768 -32768 -32768 -32768    255    255    255    255    0 2147483647
  0.51    -32768    -32768 -32768 -32768 -32768 -32768    255    255    255    255    0 2147483647
  0.53    -32768    -32768 -32768 -32768 -32768 -32768    255    255    255    255    0 2147483647
  0.55    -32768    -32768 -32768 -32768 -32768 -32768    255    255    255    255    0 2147483647
  0.57    -32768    -32768 -32768 -32768 -32768 -32768    255    255    255    255    0 2147483647
  0.59    -32768    -32768 -32768 -32768 -32768 -32768    255    255    255    255    0 2147483647
  0.61    -32768    -32768 -32768 -32768 -32768 -32768    255    255    255    255    0 2147483647
  0.63    -32768    -32768 -32768 -32768 -32768 -32768    255    255    255    255    0 2147483647
  0.65    -32768    -32768 -32768 -32768 -32768 -32768    255    255    255    255    0 2147483647
  0.67    -32768    -32768 -32768 -32768 -32768 -32768    255    255    255    255    0 2147483647
  0.69    -32768    -32768 -32768 -32768 -32768 -32768    255    255    255    255    0 2147483647
  0.71    -32768    -32768 -32768 -32768 -32768 -32768    255    255    255    255    0 2147483647
  0.73    -32768    -32768 -32768 -32768 -32768 -32768    255    255    255    255    0 2147483647
18 5 29 9 57 26 50   190      1    1.530   -1.260  301.420   14.880 
9.04    -8.80     2.20    -0.10     0.00     0.00     0.00     0.00     0.20     0.20     0.20     0.19 
11.28        25.89        -7.99        -6.59        10.36
30000.0000000 30000.0000000 -32768   -32768         0.0
0.4           0.8           0.4           0.1           1.0           0.2           1.0  0.00   0.00
30 cm BT dB 0.44  1.042
  0.15    -32768    -32768 -32768 -32768 -32768 -32768    255    255    255    255    0 2147483647
  0.17    -32768    -32768 -32768 -32768 -32768 -32768    255    255    255    255    0 2147483647
  0.19    -32768    -32768 -32768 -32768 -32768 -32768    255    255    255    255    0 2147483647
  0.21    -32768    -32768 -32768 -32768 -32768 -32768    255    255    255    255    0 2147483647
  0.23    -32768    -32768 -32768 -32768 -32768 -32768    255    255    255    255    0 2147483647
  0.25    -32768    -32768 -32768 -32768 -32768 -32768    255    255    255    255    0 2147483647
  0.27    -32768    -32768 -32768 -32768 -32768 -32768    255    255    255    255    0 2147483647
  0.29    -32768    -32768 -32768 -32768 -32768 -32768    255    255    255    255    0 2147483647
  0.31    -32768    -32768 -32768 -32768 -32768 -32768    255    255    255    255    0 2147483647
  0.33    -32768    -32768 -32768 -32768 -32768 -32768    255    255    255    255    0 2147483647
  0.35    -32768    -32768 -32768 -32768 -32768 -32768    255    255    255    255    0 2147483647
  0.37    -32768    -32768 -32768 -32768 -32768 -32768    255    255    255    255    0 2147483647
  0.39    -32768    -32768 -32768 -32768 -32768 -32768    255    255    255    255    0 2147483647
  0.41    -32768    -32768 -32768 -32768 -32768 -32768    255    255    255    255    0 2147483647
  0.43    -32768    -32768 -32768 -32768 -32768 -32768    255    255    255    255    0 2147483647
  0.45    -32768    -32768 -32768 -32768 -32768 -32768    255    255    255    255    0 2147483647
  0.47    -32768    -32768 -32768 -32768 -32768 -32768    255    255    255    255    0 2147483647
  0.49    -32768    -32768 -32768 -32768 -32768 -32768    255    255    255    255    0 2147483647
  0.51    -32768    -32768 -32768 -32768 -32768 -32768    255    255    255    255    0 2147483647
  0.53    -32768    -32768 -32768 -32768 -32768 -32768    255    255    255    255    0 2147483647
  0.55    -32768    -32768 -32768 -32768 -32768 -32768    255    255    255    255    0 2147483647
  0.57    -32768    -32768 -32768 -32768 -32768 -32768    255    255    255    255    0 2147483647
  0.59    -32768    -32768 -32768 -32768 -32768 -32768    255    255    255    255    0 2147483647
  0.61    -32768    -32768 -32768 -32768 -32768 -32768    255    255    255    255    0 2147483647
  0.63    -32768    -32768 -32768 -32768 -32768 -32768    255    255    255    255    0 2147483647
  0.65    -32768    -32768 -32768 -32768 -32768 -32768    255    255    255    255    0 2147483647
  0.67    -32768    -32768 -32768 -32768 -32768 -32768    255    255    255    255    0 2147483647
  0.69    -32768    -32768 -32768 -32768 -32768 -32768    255    255    255    255    0 2147483647
  0.71    -32768    -32768 -32768 -32768 -32768 -32768    255    255    255    255    0 2147483647
  0.73    -32768    -32768 -32768 -32768 -32768 -32768    255    255    255    255    0 2147483647
