

     2      5      4     30      6      1     12 
18 5 29 9 56 21 65   135      1    1.680    3.360  349.790   14.940 
5.99    -3.90    -0.30    -2.10     0.00     0.00     0.00     0.00     0.19     0.20     0.22     0.20 
0.00         0.00         0.00         0.00         0.00
30000.0000000 30000.0000000 -32768   -32768         0.0
0.0           0.0           0.0           0.0           1.0           0.0           1.0  0.00   0.00
30 cm BT dB 0.44  1.040
  0.15    -32768    -32768 -32768 -32768 -32768 -32768    255    255    255    255    0 2147483647
  0.17    -32768    -32768 -32768 -32768 -32768 -32768    255    255    255    255    0 2147483647
  0.19    -32768    -32768 -32768 -32768 -32768 -32768    255    255    255    255    0 2147483647
  0.21    -32768    -32768 -32768 -32768 -32768 -32768    255    255    255    255    0 2147483647
  0.23    -32768    -32768 -32768 -32768 -32768 -32768    255    255    255    255    0 2147483647
  0.25    -32768    -32768 -32768 -32768 -32768 -32768    255    255    255    255    0 2147483647
  0.27    -32768    -32768 -32768 -32768 -32768 -32768    255    255    255    255    0 2147483647
  0.29    -32768    -32768 -32768 -32768 -32768 -32768    255    255    255    255    0 2147483647
  0.31    -32768    -32768 -32768 -32768 -32768 -32768    255    255    255    255    0 2147483647
  0.33    -32768    -32768 -32768 -32768 -32768 -32768    255    255    255    255    0 2147483647
  0.35    -32768    -32768 -32768 -32768 -32768 -32768    255    255    255    255    0 2147483647
  0.37    -32768    -32768 -32768 -32768 -32768 -32768    255    255    255    255    0 2147483647
  0.39    -32768    -32768 -32768 -32768 -32768 -32768    255    255    255    255    0 2147483647
  0.41    -32768    -32768 -32768 -32768 -32768 -32768    255    255    255    255    0 2147483647
  0.43    -32768    -32768 -32768 -32768 -32768 -32768    255    255    255    255    0 2147483647
  0.45    -32768    -32768 -32768 -32768 -32768 -32768    255    255    255    255    0 2147483647
  0.47    -32768    -32768 -32768 -32768 -32768 -32768    255    255    255    255    0 2147483647
  0.49    -32768    -32768 -32768 -32768 -32768 -32768    255    255    255    255    0 2147483647
  0.51    -32768    -32768 -32768 -32768 -32768 -32768    255    255    255    255    0 2147483647
  0.53    -32768    -32768 -32768 -32768 -32768 -32768    255    255    255    255    0 2147483647
  0.55    -32768    -32768 -32768 -32768 -32768 -32768    255    255    255    255    0 2147483647
  0.57    -32768    -32768 -32768 -32768 -32768 -32768    255    255    255    255    0 2147483647
  0.59    -32768    -32768 -32768 -32768 -32768 -32768    255    255    255    255    0 2147483647
  0.61    -32768    -32768 -32768 -32768 -32768 -32768    255    255    255    255    0 2147483647
  0.63    -32768    -32768 -32768 -32768 -32768 -32768    255    255    255    255    0 2147483647
  0.65    -32768    -32768 -32768 -32768 -32768 -32768    255    255    255    255    0 2147483647
  0.67    -32768    -32768 -32768 -32768 -32768 -32768    255    255    255    255    0 2147483647
  0.69    -32768    -32768 -32768 -32768 -32768 -32768    255    255    255    255    0 2147483647
  0.71    -32768    -32768 -32768 -32768 -32768 -32768    255    255    255    255    0 2147483647
  0.73    -32768    -32768 -32768 -32768 -32768 -32768    255    255    255    255    0 2147483647
18 5 29 9 56 22 86   136      1    2.810    5.850  354.560   14.940 
3.05    30.23     1.70     2.40     0.00     0.00     0.00     0.00     0.22     0.20     0.22     0.21 
0.37         1.21         0.37         0.04         0.37
30000.0000000 30000.0000000 -32768   -32768         0.0
0.0           0.0           0.0           0.0           1.0           0.0           1.0  0.00   0.00
30 cm BT dB 0.44  1.040
  0.15    -32768    -32768 -32768 -32768 -32768 -32768    255    255    255    255    0 2147483647
  0.17    -32768    -32768 -32768 -32768 -32768 -32768    255    255    255    255    0 2147483647
  0.19    -32768    -32768 -32768 -32768 -32768 -32768    255    255    255    255    0 2147483647
  0.21    -32768    -32768 -32768 -32768 -32768 -32768    255    255    255    255    0 2147483647
  0.23    -32768    -32768 -32768 -32768 -32768 -32768    255    255    255    255    0 2147483647
  0.25    -32768    -32768 -32768 -32768 -32768 -32768    255    255    255    255    0 2147483647
  0.27    -32768    -32768 -32768 -32768 -32768 -32768    255    255    255    255    0 2147483647
  0.29    -32768    -32768 -32768 -32768 -32768 -32768    255    255    255    255    0 2147483647
  0.31    -32768    -32768 -32768 -32768 -32768 -32768    255    255    255    255    0 2147483647
  0.33    -32768    -32768 -32768 -32768 -32768 -32768    255    255    255    255    0 2147483647
  0.35    -32768    -32768 -32768 -32768 -32768 -32768    255    255    255    255    0 2147483647
  0.37    -32768    -32768 -32768 -32768 -32768 -32768    255    255    255    255    0 2147483647
  0.39    -32768    -32768 -32768 -32768 -32768 -32768    255    255    255    255    0 2147483647
  0.41    -32768    -32768 -32768 -32768 -32768 -32768    255    255    255    255    0 2147483647
  0.43    -32768    -32768 -32768 -32768 -32768 -32768    255    255    255    255    0 2147483647
  0.45    -32768    -32768 -32768 -32768 -32768 -32768    255    255    255    255    0 2147483647
  0.47    -32768    -32768 -32768 -32768 -32768 -32768    255    255    255    255    0 2147483647
  0.49    -32768    -32768 -32768 -32768 -32768 -32768    255    255    255    255    0 2147483647
  0.51    -32768    -32768 -32768 -32768 -32768 -32768    255    255    255    255    0 2147483647
  0.53    -32768    -32768 -32768 -32768 -32768 -32768    255    255    255    255    0 2147483647
  0.55    -32768    -32768 -32768 -32768 -32768 -32768    255    255    255    255    0 2147483647
  0.57    -32768    -32768 -32768 -32768 -32768 -32768    255    255    255    255    0 2147483647
  0.59    -32768    -32768 -32768 -32768 -32768 -32768    255    255    255    255    0 2147483647
  0.61    -32768    -32768 -32768 -32768 -32768 -32768    255    255    255    255    0 2147483647
  0.63    -32768    -32768 -32768 -32768 -32768 -32768    255    255    255    255    0 2147483647
  0.65    -32768    -32768 -32768 -32768 -32768 -32768    255    255    255    255    0 2147483647
  0.67    -32768    -32768 -32768 -32768 -32768 -32768    255    255    255    255    0 2147483647
  0.69    -32768    -32768 -32768 -32768 -32768 -32768    255    255    255    255    0 2147483647
  0.71    -32768    -32768 -32768 -32768 -32768 -32768    255    255    255    255    0 2147483647
  0.73    -32768    -32768 -32768 -32768 -32768 -32768    255    255    255    255    0 2147483647
18 5 29 9 56 24 7   137      1   10.410    0.040   32.970   14.940 
-32768  -32768  -32768  -32768     0.00     0.00     0.00     0.00     0.28     0.27     0.27     0.23 
0.37         2.42         0.37         0.04         0.37
30000.0000000 30000.0000000 -32768   -32768         0.0
0.0           0.0           0.0           0.0           1.0           0.0           1.0  0.00   0.00
30 cm BT dB 0.44  1.040
  0.15    -32768    -32768 -32768 -32768 -32768   20.7   64.2   65.5   69.1   73.5  100 2147483647
  0.17    -32768    -32768 -32768 -32768 -32768 -32768    255    255    255    255    0 2147483647
  0.19    -32768    -32768 -32768 -32768 -32768 -32768    255    255    255    255    0 2147483647
  0.21    -32768    -32768 -32768 -32768 -32768 -32768    255    255    255    255    0 2147483647
  0.23    -32768    -32768 -32768 -32768 -32768 -32768    255    255    255    255    0 2147483647
  0.25    -32768    -32768 -32768 -32768 -32768 -32768    255    255    255    255    0 2147483647
  0.27    -32768    -32768 -32768 -32768 -32768 -32768    255    255    255    255    0 2147483647
  0.29    -32768    -32768 -32768 -32768 -32768 -32768    255    255    255    255    0 2147483647
  0.31    -32768    -32768 -32768 -32768 -32768 -32768    255    255    255    255    0 2147483647
  0.33    -32768    -32768 -32768 -32768 -32768 -32768    255    255    255    255    0 2147483647
  0.35    -32768    -32768 -32768 -32768 -32768 -32768    255    255    255    255    0 2147483647
  0.37    -32768    -32768 -32768 -32768 -32768 -32768    255    255    255    255    0 2147483647
  0.39    -32768    -32768 -32768 -32768 -32768 -32768    255    255    255    255    0 2147483647
  0.41    -32768    -32768 -32768 -32768 -32768 -32768    255    255    255    255    0 2147483647
  0.43    -32768    -32768 -32768 -32768 -32768 -32768    255    255    255    255    0 2147483647
  0.45    -32768    -32768 -32768 -32768 -32768 -32768    255    255    255    255    0 2147483647
  0.47    -32768    -32768 -32768 -32768 -32768 -32768    255    255    255    255    0 2147483647
  0.49    -32768    -32768 -32768 -32768 -32768 -32768    255    255    255    255    0 2147483647
  0.51    -32768    -32768 -32768 -32768 -32768 -32768    255    255    255    255    0 2147483647
  0.53    -32768    -32768 -32768 -32768 -32768 -32768    255    255    255    255    0 2147483647
  0.55    -32768    -32768 -32768 -32768 -32768 -32768    255    255    255    255    0 2147483647
  0.57    -32768    -32768 -32768 -32768 -32768 -32768    255    255    255    255    0 2147483647
  0.59    -32768    -32768 -32768 -32768 -32768 -32768    255    255    255    255    0 2147483647
  0.61    -32768    -32768 -32768 -32768 -32768 -32768    255    255    255    255    0 2147483647
  0.63    -32768    -32768 -32768 -32768 -32768 -32768    255    255    255    255    0 2147483647
  0.65    -32768    -32768 -32768 -32768 -32768 -32768    255    255    255    255    0 2147483647
  0.67    -32768    -32768 -32768 -32768 -32768 -32768    255    255    255    255    0 2147483647
  0.69    -32768    -32768 -32768 -32768 -32768 -32768    255    255    255    255    0 2147483647
  0.71    -32768    -32768 -32768 -32768 -32768 -32768    255    255    255    255    0 2147483647
  0.73    -32768    -32768 -32768 -32768 -32768 -32768    255    255    255    255    0 2147483647
18 5 29 9 56 25 29   138      1    3.650    5.000   27.870   14.940 
-32768  -32768  -32768  -32768     0.00     0.00     0.00     0.00     0.33     0.29     0.35     0.30 
0.37         3.64         0.37         0.04         0.37
30000.0000000 30000.0000000 -32768   -32768         0.0
0.0           0.0           0.0           0.0           1.0           0.0           1.0  0.00   0.00
30 cm BT dB 0.44  1.040
  0.15    -32768    -32768 -32768 -32768 -32768   41.4   63.3   66.0   72.6   75.7  100 2147483647
  0.17    -32768    -32768 -32768 -32768 -32768   -8.1   66.0   66.5   70.9   76.6  100 2147483647
  0.19    -32768    -32768 -32768 -32768 -32768   38.3   63.9   67.4   70.5   74.9  100 2147483647
  0.21    -32768    -32768 -32768 -32768 -32768   47.1   64.3   65.7   68.8   75.0  100 2147483647
  0.23    -32768    -32768 -32768 -32768 -32768 -32768    255    255    255    255    0 2147483647
  0.25    -32768    -32768 -32768 -32768 -32768 -32768    255    255    255    255    0 2147483647
  0.27    -32768    -32768 -32768 -32768 -32768 -32768    255    255    255    255    0 2147483647
  0.29    -32768    -32768 -32768 -32768 -32768 -32768    255    255    255    255    0 2147483647
  0.31    -32768    -32768 -32768 -32768 -32768 -32768    255    255    255    255    0 2147483647
  0.33    -32768    -32768 -32768 -32768 -32768 -32768    255    255    255    255    0 2147483647
  0.35    -32768    -32768 -32768 -32768 -32768 -32768    255    255    255    255    0 2147483647
  0.37    -32768    -32768 -32768 -32768 -32768 -32768    255    255    255    255    0 2147483647
  0.39    -32768    -32768 -32768 -32768 -32768 -32768    255    255    255    255    0 2147483647
  0.41    -32768    -32768 -32768 -32768 -32768 -32768    255    255    255    255    0 2147483647
  0.43    -32768    -32768 -32768 -32768 -32768 -32768    255    255    255    255    0 2147483647
  0.45    -32768    -32768 -32768 -32768 -32768 -32768    255    255    255    255    0 2147483647
  0.47    -32768    -32768 -32768 -32768 -32768 -32768    255    255    255    255    0 2147483647
  0.49    -32768    -32768 -32768 -32768 -32768 -32768    255    255    255    255    0 2147483647
  0.51    -32768    -32768 -32768 -32768 -32768 -32768    255    255    255    255    0 2147483647
  0.53    -32768    -32768 -32768 -32768 -32768 -32768    255    255    255    255    0 2147483647
  0.55    -32768    -32768 -32768 -32768 -32768 -32768    255    255    255    255    0 2147483647
  0.57    -32768    -32768 -32768 -32768 -32768 -32768    255    255    255    255    0 2147483647
  0.59    -32768    -32768 -32768 -32768 -32768 -32768    255    255    255    255    0 2147483647
  0.61    -32768    -32768 -32768 -32768 -32768 -32768    255    255    255    255    0 2147483647
  0.63    -32768    -32768 -32768 -32768 -32768 -32768    255    255    255    255    0 2147483647
  0.65    -32768    -32768 -32768 -32768 -32768 -32768    255    255    255    255    0 2147483647
  0.67    -32768    -32768 -32768 -32768 -32768 -32768    255    255    255    255    0 2147483647
  0.69    -32768    -32768 -32768 -32768 -32768 -32768    255    255    255    255    0 2147483647
  0.71    -32768    -32768 -32768 -32768 -32768 -32768    255    255    255    255    0 2147483647
  0.73    -32768    -32768 -32768 -32768 -32768 -32768    255    255    255    255    0 2147483647
18 5 29 9 56 26 42   139      1    7.310    1.950   45.190   14.940 
-32768  -32768  -32768  -32768     0.00     0.00     0.00     0.00     0.34     0.31     0.31     0.29 
0.37         4.77         0.37         0.04         0.37
30000.0000000 30000.0000000 -32768   -32768         0.0
0.0           0.0           0.0           0.0           1.0           0.0           1.0  0.00   0.00
30 cm BT dB 0.44  1.040
  0.15    -32768    -32768 -32768 -32768 -32768  -12.9   66.0   68.2   72.2   76.6  100 2147483647
  0.17    -32768    -32768 -32768 -32768 -32768   -5.7   66.5   67.8   73.1   76.6  100 2147483647
  0.19    -32768    -32768 -32768 -32768 -32768  -35.6   66.5   67.8   71.4   77.6  100 2147483647
  0.21    -32768    -32768 -32768 -32768 -32768  -20.4   66.1   65.2   71.4   75.4  100 2147483647
  0.23    -32768    -32768 -32768 -32768 -32768 -32768    255    255    255    255    0 2147483647
  0.25    -32768    -32768 -32768 -32768 -32768 -32768    255    255    255    255    0 2147483647
  0.27    -32768    -32768 -32768 -32768 -32768 -32768    255    255    255    255    0 2147483647
  0.29    -32768    -32768 -32768 -32768 -32768 -32768    255    255    255    255    0 2147483647
  0.31    -32768    -32768 -32768 -32768 -32768 -32768    255    255    255    255    0 2147483647
  0.33    -32768    -32768 -32768 -32768 -32768 -32768    255    255    255    255    0 2147483647
  0.35    -32768    -32768 -32768 -32768 -32768 -32768    255    255    255    255    0 2147483647
  0.37    -32768    -32768 -32768 -32768 -32768 -32768    255    255    255    255    0 2147483647
  0.39    -32768    -32768 -32768 -32768 -32768 -32768    255    255    255    255    0 2147483647
  0.41    -32768    -32768 -32768 -32768 -32768 -32768    255    255    255    255    0 2147483647
  0.43    -32768    -32768 -32768 -32768 -32768 -32768    255    255    255    255    0 2147483647
  0.45    -32768    -32768 -32768 -32768 -32768 -32768    255    255    255    255    0 2147483647
  0.47    -32768    -32768 -32768 -32768 -32768 -32768    255    255    255    255    0 2147483647
  0.49    -32768    -32768 -32768 -32768 -32768 -32768    255    255    255    255    0 2147483647
  0.51    -32768    -32768 -32768 -32768 -32768 -32768    255    255    255    255    0 2147483647
  0.53    -32768    -32768 -32768 -32768 -32768 -32768    255    255    255    255    0 2147483647
  0.55    -32768    -32768 -32768 -32768 -32768 -32768    255    255    255    255    0 2147483647
  0.57    -32768    -32768 -32768 -32768 -32768 -32768    255    255    255    255    0 2147483647
  0.59    -32768    -32768 -32768 -32768 -32768 -32768    255    255    255    255    0 2147483647
  0.61    -32768    -32768 -32768 -32768 -32768 -32768    255    255    255    255    0 2147483647
  0.63    -32768    -32768 -32768 -32768 -32768 -32768    255    255    255    255    0 2147483647
  0.65    -32768    -32768 -32768 -32768 -32768 -32768    255    255    255    255    0 2147483647
  0.67    -32768    -32768 -32768 -32768 -32768 -32768    255    255    255    255    0 2147483647
  0.69    -32768    -32768 -32768 -32768 -32768 -32768    255    255    255    255    0 2147483647
  0.71    -32768    -32768 -32768 -32768 -32768 -32768    255    255    255    255    0 2147483647
  0.73    -32768    -32768 -32768 -32768 -32768 -32768    255    255    255    255    0 2147483647
18 5 29 9 56 27 61   140      1    1.790    5.630   37.560   14.940 
21.37    20.90     0.10    -1.30     0.00     0.00     0.00     0.00     0.31     0.30     0.26     0.29 
1.79         5.96         1.36         1.05         1.72
30000.0000000 30000.0000000 -32768   -32768         0.0
0.0           0.1           0.0          -0.0           1.0          -0.0           1.0  0.15   0.17
30 cm BT dB 0.44  1.040
  0.15     14.05     42.46    9.5   10.4   -5.1    1.4   68.2   69.1   71.3   78.8  100      -0.00
  0.17     70.14     89.33   70.1    0.8    6.1  -12.2   67.8   68.7   73.1   77.1  100       0.02
  0.19    -32768    -32768 -32768 -32768 -32768 -32768    255    255    255    255    0 2147483647
  0.21    -32768    -32768 -32768 -32768 -32768 -32768    255    255    255    255    0 2147483647
  0.23    -32768    -32768 -32768 -32768 -32768 -32768    255    255    255    255    0 2147483647
  0.25    -32768    -32768 -32768 -32768 -32768 -32768    255    255    255    255    0 2147483647
  0.27    -32768    -32768 -32768 -32768 -32768 -32768    255    255    255    255    0 2147483647
  0.29    -32768    -32768 -32768 -32768 -32768 -32768    255    255    255    255    0 2147483647
  0.31    -32768    -32768 -32768 -32768 -32768 -32768    255    255    255    255    0 2147483647
  0.33    -32768    -32768 -32768 -32768 -32768 -32768    255    255    255    255    0 2147483647
  0.35    -32768    -32768 -32768 -32768 -32768 -32768    255    255    255    255    0 2147483647
  0.37    -32768    -32768 -32768 -32768 -32768 -32768    255    255    255    255    0 2147483647
  0.39    -32768    -32768 -32768 -32768 -32768 -32768    255    255    255    255    0 2147483647
  0.41    -32768    -32768 -32768 -32768 -32768 -32768    255    255    255    255    0 2147483647
  0.43    -32768    -32768 -32768 -32768 -32768 -32768    255    255    255    255    0 2147483647
  0.45    -32768    -32768 -32768 -32768 -32768 -32768    255    255    255    255    0 2147483647
  0.47    -32768    -32768 -32768 -32768 -32768 -32768    255    255    255    255    0 2147483647
  0.49    -32768    -32768 -32768 -32768 -32768 -32768    255    255    255    255    0 2147483647
  0.51    -32768    -32768 -32768 -32768 -32768 -32768    255    255    255    255    0 2147483647
  0.53    -32768    -32768 -32768 -32768 -32768 -32768    255    255    255    255    0 2147483647
  0.55    -32768    -32768 -32768 -32768 -32768 -32768    255    255    255    255    0 2147483647
  0.57    -32768    -32768 -32768 -32768 -32768 -32768    255    255    255    255    0 2147483647
  0.59    -32768    -32768 -32768 -32768 -32768 -32768    255    255    255    255    0 2147483647
  0.61    -32768    -32768 -32768 -32768 -32768 -32768    255    255    255    255    0 2147483647
  0.63    -32768    -32768 -32768 -32768 -32768 -32768    255    255    255    255    0 2147483647
  0.65    -32768    -32768 -32768 -32768 -32768 -32768    255    255    255    255    0 2147483647
  0.67    -32768    -32768 -32768 -32768 -32768 -32768    255    255    255    255    0 2147483647
  0.69    -32768    -32768 -32768 -32768 -32768 -32768    255    255    255    255    0 2147483647
  0.71    -32768    -32768 -32768 -32768 -32768 -32768    255    255    255    255    0 2147483647
  0.73    -32768    -32768 -32768 -32768 -32768 -32768    255    255    255    255    0 2147483647
18 5 29 9 56 28 81   141      1    3.940    6.460   40.420   14.940 
23.94    27.95    -1.90    -3.30     0.00     0.00     0.00     0.00     0.23     0.27     0.30     0.23 
2.23         7.16         1.69         1.34         2.16
30000.0000000 30000.0000000 -32768   -32768         0.0
0.0           0.1           0.0          -0.0           1.0          -0.0           1.0  0.15   0.15
30 cm BT dB 0.44  1.040
  0.15     28.09    103.31   27.3   -6.5   -9.2   -3.0   66.9   69.1   71.3   78.4  100       0.00
  0.17    -32768    -32768 -32768 -32768 -32768 -32768    255    255    255    255    0 2147483647
  0.19    -32768    -32768 -32768 -32768 -32768 -32768    255    255    255    255    0 2147483647
  0.21    -32768    -32768 -32768 -32768 -32768 -32768    255    255    255    255    0 2147483647
  0.23    -32768    -32768 -32768 -32768 -32768 -32768    255    255    255    255    0 2147483647
  0.25    -32768    -32768 -32768 -32768 -32768 -32768    255    255    255    255    0 2147483647
  0.27    -32768    -32768 -32768 -32768 -32768 -32768    255    255    255    255    0 2147483647
  0.29    -32768    -32768 -32768 -32768 -32768 -32768    255    255    255    255    0 2147483647
  0.31    -32768    -32768 -32768 -32768 -32768 -32768    255    255    255    255    0 2147483647
  0.33    -32768    -32768 -32768 -32768 -32768 -32768    255    255    255    255    0 2147483647
  0.35    -32768    -32768 -32768 -32768 -32768 -32768    255    255    255    255    0 2147483647
  0.37    -32768    -32768 -32768 -32768 -32768 -32768    255    255    255    255    0 2147483647
  0.39    -32768    -32768 -32768 -32768 -32768 -32768    255    255    255    255    0 2147483647
  0.41    -32768    -32768 -32768 -32768 -32768 -32768    255    255    255    255    0 2147483647
  0.43    -32768    -32768 -32768 -32768 -32768 -32768    255    255    255    255    0 2147483647
  0.45    -32768    -32768 -32768 -32768 -32768 -32768    255    255    255    255    0 2147483647
  0.47    -32768    -32768 -32768 -32768 -32768 -32768    255    255    255    255    0 2147483647
  0.49    -32768    -32768 -32768 -32768 -32768 -32768    255    255    255    255    0 2147483647
  0.51    -32768    -32768 -32768 -32768 -32768 -32768    255    255    255    255    0 2147483647
  0.53    -32768    -32768 -32768 -32768 -32768 -32768    255    255    255    255    0 2147483647
  0.55    -32768    -32768 -32768 -32768 -32768 -32768    255    255    255    255    0 2147483647
  0.57    -32768    -32768 -32768 -32768 -32768 -32768    255    255    255    255    0 2147483647
  0.59    -32768    -32768 -32768 -32768 -32768 -32768    255    255    255    255    0 2147483647
  0.61    -32768    -32768 -32768 -32768 -32768 -32768    255    255    255    255    0 2147483647
  0.63    -32768    -32768 -32768 -32768 -32768 -32768    255    255    255    255    0 2147483647
  0.65    -32768    -32768 -32768 -32768 -32768 -32768    255    255    255    255    0 2147483647
  0.67    -32768    -32768 -32768 -32768 -32768 -32768    255    255    255    255    0 2147483647
  0.69    -32768    -32768 -32768 -32768 -32768 -32768    255    255    255    255    0 2147483647
  0.71    -32768    -32768 -32768 -32768 -32768 -32768    255    255    255    255    0 2147483647
  0.73    -32768    -32768 -32768 -32768 -32768 -32768    255    255    255    255    0 2147483647
18 5 29 9 56 30 3   142      1    0.890    2.180   33.500   14.940 
6.44    30.75     3.00    -1.50     0.00     0.00     0.00     0.00     0.28     0.40     0.29     0.27 
2.61         8.38         2.07         1.42         2.51
30000.0000000 30000.0000000 -32768   -32768         0.0
0.0           0.1           0.0          -0.0           1.0          -0.0           1.0  0.15   0.19
30 cm BT dB 0.44  1.040
  0.15     12.21    239.23  -10.5   -6.2   11.0   -1.4   64.2   67.8   72.6   77.5  100      -0.00
  0.17     44.44    305.95  -36.0   26.1   -5.9    8.7   66.5   68.7   73.1   77.5  100      -0.00
  0.19     33.65    286.03  -32.3    9.3   11.5  -28.0   65.2   67.4   71.4   77.1  100      -0.00
  0.21    -32768    -32768 -32768 -32768 -32768 -32768    255    255    255    255    0 2147483647
  0.23    -32768    -32768 -32768 -32768 -32768 -32768    255    255    255    255    0 2147483647
  0.25    -32768    -32768 -32768 -32768 -32768 -32768    255    255    255    255    0 2147483647
  0.27    -32768    -32768 -32768 -32768 -32768 -32768    255    255    255    255    0 2147483647
  0.29    -32768    -32768 -32768 -32768 -32768 -32768    255    255    255    255    0 2147483647
  0.31    -32768    -32768 -32768 -32768 -32768 -32768    255    255    255    255    0 2147483647
  0.33    -32768    -32768 -32768 -32768 -32768 -32768    255    255    255    255    0 2147483647
  0.35    -32768    -32768 -32768 -32768 -32768 -32768    255    255    255    255    0 2147483647
  0.37    -32768    -32768 -32768 -32768 -32768 -32768    255    255    255    255    0 2147483647
  0.39    -32768    -32768 -32768 -32768 -32768 -32768    255    255    255    255    0 2147483647
  0.41    -32768    -32768 -32768 -32768 -32768 -32768    255    255    255    255    0 2147483647
  0.43    -32768    -32768 -32768 -32768 -32768 -32768    255    255    255    255    0 2147483647
  0.45    -32768    -32768 -32768 -32768 -32768 -32768    255    255    255    255    0 2147483647
  0.47    -32768    -32768 -32768 -32768 -32768 -32768    255    255    255    255    0 2147483647
  0.49    -32768    -32768 -32768 -32768 -32768 -32768    255    255    255    255    0 2147483647
  0.51    -32768    -32768 -32768 -32768 -32768 -32768    255    255    255    255    0 2147483647
  0.53    -32768    -32768 -32768 -32768 -32768 -32768    255    255    255    255    0 2147483647
  0.55    -32768    -32768 -32768 -32768 -32768 -32768    255    255    255    255    0 2147483647
  0.57    -32768    -32768 -32768 -32768 -32768 -32768    255    255    255    255    0 2147483647
  0.59    -32768    -32768 -32768 -32768 -32768 -32768    255    255    255    255    0 2147483647
  0.61    -32768    -32768 -32768 -32768 -32768 -32768    255    255    255    255    0 2147483647
  0.63    -32768    -32768 -32768 -32768 -32768 -32768    255    255    255    255    0 2147483647
  0.65    -32768    -32768 -32768 -32768 -32768 -32768    255    255    255    255    0 2147483647
  0.67    -32768    -32768 -32768 -32768 -32768 -32768    255    255    255    255    0 2147483647
  0.69    -32768    -32768 -32768 -32768 -32768 -32768    255    255    255    255    0 2147483647
  0.71    -32768    -32768 -32768 -32768 -32768 -32768    255    255    255    255    0 2147483647
  0.73    -32768    -32768 -32768 -32768 -32768 -32768    255    255    255    255    0 2147483647
18 5 29 9 56 31 19   143      1    4.500    5.010   65.640   14.940 
28.39    23.61    -4.10    -2.20     0.00     0.00     0.00     0.00     0.36     0.35     0.40     0.35 
3.04         9.54         2.34         1.75         2.92
30000.0000000 30000.0000000 -32768   -32768         0.0
0.0           0.1           0.0          -0.0           1.0          -0.0           1.0  0.15   0.27
30 cm BT dB 0.44  1.040
  0.15     24.80    156.10   10.0  -22.7   -0.6   10.8   67.8   65.5   74.8   77.9  100       0.00
  0.17    -32768    -32768 -32768 -32768 -32768 -32768   66.9   67.8   71.8   75.7    0       0.00
  0.19     58.35     46.74   42.5   40.0    0.5   21.5   68.3   68.3   72.3   77.6  100      -0.00
  0.21     77.44     94.69   77.2   -6.3   -9.1   14.8   66.1   66.6   71.4   76.7  100       0.00
  0.23     28.95    108.26   27.5   -9.1   -2.8   -3.2   66.6   66.6   70.6   76.8  100       0.00
  0.25     76.82    134.18   55.1  -53.5  -15.6  -25.6   64.4   65.3   71.1   75.9  100       0.01
  0.27     61.41     79.97   60.5   10.7   -0.1   14.3   64.5   64.9   70.2   76.0  100       0.00
  0.29    -32768    -32768 -32768 -32768 -32768 -32768    255    255    255    255    0 2147483647
  0.31    -32768    -32768 -32768 -32768 -32768 -32768    255    255    255    255    0 2147483647
  0.33    -32768    -32768 -32768 -32768 -32768 -32768    255    255    255    255    0 2147483647
  0.35    -32768    -32768 -32768 -32768 -32768 -32768    255    255    255    255    0 2147483647
  0.37    -32768    -32768 -32768 -32768 -32768 -32768    255    255    255    255    0 2147483647
  0.39    -32768    -32768 -32768 -32768 -32768 -32768    255    255    255    255    0 2147483647
  0.41    -32768    -32768 -32768 -32768 -32768 -32768    255    255    255    255    0 2147483647
  0.43    -32768    -32768 -32768 -32768 -32768 -32768    255    255    255    255    0 2147483647
  0.45    -32768    -32768 -32768 -32768 -32768 -32768    255    255    255    255    0 2147483647
  0.47    -32768    -32768 -32768 -32768 -32768 -32768    255    255    255    255    0 2147483647
  0.49    -32768    -32768 -32768 -32768 -32768 -32768    255    255    255    255    0 2147483647
  0.51    -32768    -32768 -32768 -32768 -32768 -32768    255    255    255    255    0 2147483647
  0.53    -32768    -32768 -32768 -32768 -32768 -32768    255    255    255    255    0 2147483647
  0.55    -32768    -32768 -32768 -32768 -32768 -32768    255    255    255    255    0 2147483647
  0.57    -32768    -32768 -32768 -32768 -32768 -32768    255    255    255    255    0 2147483647
  0.59    -32768    -32768 -32768 -32768 -32768 -32768    255    255    255    255    0 2147483647
  0.61    -32768    -32768 -32768 -32768 -32768 -32768    255    255    255    255    0 2147483647
  0.63    -32768    -32768 -32768 -32768 -32768 -32768    255    255    255    255    0 2147483647
  0.65    -32768    -32768 -32768 -32768 -32768 -32768    255    255    255    255    0 2147483647
  0.67    -32768    -32768 -32768 -32768 -32768 -32768    255    255    255    255    0 2147483647
  0.69    -32768    -32768 -32768 -32768 -32768 -32768    255    255    255    255    0 2147483647
  0.71    -32768    -32768 -32768 -32768 -32768 -32768    255    255    255    255    0 2147483647
  0.73    -32768    -32768 -32768 -32768 -32768 -32768    255    255    255    255    0 2147483647
18 5 29 9 56 32 35   144      1    8.650    1.770   97.110   14.940 
31.30    11.82    -4.70    -0.20     0.00     0.00     0.00     0.00     0.38     0.37     0.39     0.37 
3.43        10.70         2.48         2.11         3.26
30000.0000000 30000.0000000 -32768   -32768         0.0
0.0           0.1           0.1          -0.0           1.0          -0.0           1.0  0.15   0.29
30 cm BT dB 0.44  1.040
  0.15     41.24     99.75   40.6   -7.0   -1.2   -6.1   69.1   69.1   74.4   79.2  100       0.00
  0.17     44.34    114.56   40.3  -18.4   -8.7    6.2   67.8   67.8   73.1   78.8  100       0.00
  0.19     21.39     74.86   20.7    5.6   -4.4   19.5   65.6   68.7   72.3   78.0  100       0.00
  0.21     50.44     87.98   50.4    1.8   -6.4    6.0   66.6   67.4   71.4   76.7  100       0.00
  0.23     69.20    101.50   67.8  -13.8    0.0   31.2   64.0   66.6   70.6   77.6  100       0.00
  0.25     45.04    114.42   41.0  -18.6    1.9   13.9   65.8   67.1   70.6   76.8  100       0.00
  0.27     56.73     98.83   56.1   -8.7    2.5   57.0   64.5   64.9   70.7   75.5  100       0.00
  0.29     43.08     81.07   42.6    6.7  -13.6    6.1   64.5   64.1   71.2   74.7  100       0.00
  0.31    -32768    -32768 -32768 -32768 -32768 -32768    255    255    255    255    0 2147483647
  0.33    -32768    -32768 -32768 -32768 -32768 -32768    255    255    255    255    0 2147483647
  0.35    -32768    -32768 -32768 -32768 -32768 -32768    255    255    255    255    0 2147483647
  0.37    -32768    -32768 -32768 -32768 -32768 -32768    255    255    255    255    0 2147483647
  0.39    -32768    -32768 -32768 -32768 -32768 -32768    255    255    255    255    0 2147483647
  0.41    -32768    -32768 -32768 -32768 -32768 -32768    255    255    255    255    0 2147483647
  0.43    -32768    -32768 -32768 -32768 -32768 -32768    255    255    255    255    0 2147483647
  0.45    -32768    -32768 -32768 -32768 -32768 -32768    255    255    255    255    0 2147483647
  0.47    -32768    -32768 -32768 -32768 -32768 -32768    255    255    255    255    0 2147483647
  0.49    -32768    -32768 -32768 -32768 -32768 -32768    255    255    255    255    0 2147483647
  0.51    -32768    -32768 -32768 -32768 -32768 -32768    255    255    255    255    0 2147483647
  0.53    -32768    -32768 -32768 -32768 -32768 -32768    255    255    255    255    0 2147483647
  0.55    -32768    -32768 -32768 -32768 -32768 -32768    255    255    255    255    0 2147483647
  0.57    -32768    -32768 -32768 -32768 -32768 -32768    255    255    255    255    0 2147483647
  0.59    -32768    -32768 -32768 -32768 -32768 -32768    255    255    255    255    0 2147483647
  0.61    -32768    -32768 -32768 -32768 -32768 -32768    255    255    255    255    0 2147483647
  0.63    -32768    -32768 -32768 -32768 -32768 -32768    255    255    255    255    0 2147483647
  0.65    -32768    -32768 -32768 -32768 -32768 -32768    255    255    255    255    0 2147483647
  0.67    -32768    -32768 -32768 -32768 -32768 -32768    255    255    255    255    0 2147483647
  0.69    -32768    -32768 -32768 -32768 -32768 -32768    255    255    255    255    0 2147483647
  0.71    -32768    -32768 -32768 -32768 -32768 -32768    255    255    255    255    0 2147483647
  0.73    -32768    -32768 -32768 -32768 -32768 -32768    255    255    255    255    0 2147483647
18 5 29 9 56 33 49   145      1    6.760   -1.120   83.060   14.940 
27.99    14.99     7.30     4.80     0.00     0.00     0.00     0.00     0.35     0.35     0.38     0.34 
3.79        11.84         2.65         2.43         3.60
30000.0000000 30000.0000000 -32768   -32768         0.0
0.1           0.1           0.1          -0.0           1.0          -0.0           1.0  0.15   0.25
30 cm BT dB 0.44  1.040
  0.15     79.85    151.76   37.8  -70.4    0.8    8.8   68.2   67.8   71.3   77.5  100       0.01
  0.17     59.00    173.74    6.4  -58.7   -1.2    9.4   67.4   68.7   73.1   77.1  100       0.00
  0.19    101.32    154.41   43.8  -91.4    3.8   19.9   67.8   68.7   72.7   78.4  100       0.01
  0.21     52.46    186.62   -6.0  -52.1    0.4  -21.4   67.4   67.0   72.7   78.0  100       0.00
  0.23     66.55    195.96  -18.3  -64.0    4.1   53.9   65.3   67.9   70.1   76.8  100       0.00
  0.25     63.70    173.69    7.0  -63.3   11.5   -5.3   64.9   67.1   70.6   76.8  100       0.00
  0.27    -32768    -32768 -32768 -32768 -32768 -32768    255    255    255    255    0 2147483647
  0.29    -32768    -32768 -32768 -32768 -32768 -32768    255    255    255    255    0 2147483647
  0.31    -32768    -32768 -32768 -32768 -32768 -32768    255    255    255    255    0 2147483647
  0.33    -32768    -32768 -32768 -32768 -32768 -32768    255    255    255    255    0 2147483647
  0.35    -32768    -32768 -32768 -32768 -32768 -32768    255    255    255    255    0 2147483647
  0.37    -32768    -32768 -32768 -32768 -32768 -32768    255    255    255    255    0 2147483647
  0.39    -32768    -32768 -32768 -32768 -32768 -32768    255    255    255    255    0 2147483647
  0.41    -32768    -32768 -32768 -32768 -32768 -32768    255    255    255    255    0 2147483647
  0.43    -32768    -32768 -32768 -32768 -32768 -32768    255    255    255    255    0 2147483647
  0.45    -32768    -32768 -32768 -32768 -32768 -32768    255    255    255    255    0 2147483647
  0.47    -32768    -32768 -32768 -32768 -32768 -32768    255    255    255    255    0 2147483647
  0.49    -32768    -32768 -32768 -32768 -32768 -32768    255    255    255    255    0 2147483647
  0.51    -32768    -32768 -32768 -32768 -32768 -32768    255    255    255    255    0 2147483647
  0.53    -32768    -32768 -32768 -32768 -32768 -32768    255    255    255    255    0 2147483647
  0.55    -32768    -32768 -32768 -32768 -32768 -32768    255    255    255    255    0 2147483647
  0.57    -32768    -32768 -32768 -32768 -32768 -32768    255    255    255    255    0 2147483647
  0.59    -32768    -32768 -32768 -32768 -32768 -32768    255    255    255    255    0 2147483647
  0.61    -32768    -32768 -32768 -32768 -32768 -32768    255    255    255    255    0 2147483647
  0.63    -32768    -32768 -32768 -32768 -32768 -32768    255    255    255    255    0 2147483647
  0.65    -32768    -32768 -32768 -32768 -32768 -32768    255    255    255    255    0 2147483647
  0.67    -32768    -32768 -32768 -32768 -32768 -32768    255    255    255    255    0 2147483647
  0.69    -32768    -32768 -32768 -32768 -32768 -32768    255    255    255    255    0 2147483647
  0.71    -32768    -32768 -32768 -32768 -32768 -32768    255    255    255    255    0 2147483647
  0.73    -32768    -32768 -32768 -32768 -32768 -32768    255    255    255    255    0 2147483647
18 5 29 9 56 34 63   146      1    4.920    0.710   50.360   14.940 
30.37    29.96     6.50     4.50     0.00     0.00     0.00     0.00     0.34     0.34     0.38     0.36 
4.28        12.98         2.99         2.78         4.08
30000.0000000 30000.0000000 -32768   -32768         0.0
0.1           0.2           0.1          -0.0           1.0          -0.0           1.0  0.15   0.25
30 cm BT dB 0.44  1.040
  0.15     27.31    183.58   -1.7  -27.3    1.4   14.1   70.0   70.0   74.4   80.1  100       0.00
  0.17     52.32    138.61   34.6  -39.3    0.6  -12.2   68.2   69.1   73.1   79.3  100       0.01
  0.19     46.84    173.78    5.1  -46.6   -5.4   26.4   68.7   67.8   72.3   77.6  100       0.00
  0.21     57.58    173.17    6.9  -57.2    7.2    1.4   67.4   66.6   71.9   78.0  100       0.00
  0.23     54.91    143.91   32.3  -44.4    9.2   28.1   65.3   66.2   71.9   75.9  100       0.01
  0.25     40.61    166.36    9.6  -39.5   13.3   36.3   64.9   66.2   71.5   75.5  100       0.00
  0.27    -32768    -32768 -32768 -32768 -32768 -32768    255    255    255    255    0 2147483647
  0.29    -32768    -32768 -32768 -32768 -32768 -32768    255    255    255    255    0 2147483647
  0.31    -32768    -32768 -32768 -32768 -32768 -32768    255    255    255    255    0 2147483647
  0.33    -32768    -32768 -32768 -32768 -32768 -32768    255    255    255    255    0 2147483647
  0.35    -32768    -32768 -32768 -32768 -32768 -32768    255    255    255    255    0 2147483647
  0.37    -32768    -32768 -32768 -32768 -32768 -32768    255    255    255    255    0 2147483647
  0.39    -32768    -32768 -32768 -32768 -32768 -32768    255    255    255    255    0 2147483647
  0.41    -32768    -32768 -32768 -32768 -32768 -32768    255    255    255    255    0 2147483647
  0.43    -32768    -32768 -32768 -32768 -32768 -32768    255    255    255    255    0 2147483647
  0.45    -32768    -32768 -32768 -32768 -32768 -32768    255    255    255    255    0 2147483647
  0.47    -32768    -32768 -32768 -32768 -32768 -32768    255    255    255    255    0 2147483647
  0.49    -32768    -32768 -32768 -32768 -32768 -32768    255    255    255    255    0 2147483647
  0.51    -32768    -32768 -32768 -32768 -32768 -32768    255    255    255    255    0 2147483647
  0.53    -32768    -32768 -32768 -32768 -32768 -32768    255    255    255    255    0 2147483647
  0.55    -32768    -32768 -32768 -32768 -32768 -32768    255    255    255    255    0 2147483647
  0.57    -32768    -32768 -32768 -32768 -32768 -32768    255    255    255    255    0 2147483647
  0.59    -32768    -32768 -32768 -32768 -32768 -32768    255    255    255    255    0 2147483647
  0.61    -32768    -32768 -32768 -32768 -32768 -32768    255    255    255    255    0 2147483647
  0.63    -32768    -32768 -32768 -32768 -32768 -32768    255    255    255    255    0 2147483647
  0.65    -32768    -32768 -32768 -32768 -32768 -32768    255    255    255    255    0 2147483647
  0.67    -32768    -32768 -32768 -32768 -32768 -32768    255    255    255    255    0 2147483647
  0.69    -32768    -32768 -32768 -32768 -32768 -32768    255    255    255    255    0 2147483647
  0.71    -32768    -32768 -32768 -32768 -32768 -32768    255    255    255    255    0 2147483647
  0.73    -32768    -32768 -32768 -32768 -32768 -32768    255    255    255    255    0 2147483647
18 5 29 9 56 35 78   147      1   -0.840    5.780   38.210   14.940 
30.34    26.90     7.20     4.20     0.00     0.00     0.00     0.00     0.40     0.37     0.40     0.37 
4.74        14.13         3.30         3.12         4.55
30000.0000000 30000.0000000 -32768   -32768         0.0
0.1           0.2           0.1          -0.0           1.0          -0.0           1.0  0.15   0.29
30 cm BT dB 0.44  1.040
  0.15     66.38    146.56   36.6  -55.4   -1.3   -3.0   69.1   67.3   73.1   78.8  100       0.01
  0.17     64.02    110.85   59.8  -22.8    3.6   28.6   68.7   69.6   74.0   79.3  100       0.01
  0.19     66.12    135.42   46.4  -47.1   -4.4   11.7   67.8   67.8   74.5   78.9  100       0.01
  0.21     41.23    178.03    1.4  -41.2    1.6   -6.6   66.1   67.4   72.3   78.5  100       0.00
  0.23     63.87    130.90   48.3  -41.8    0.2   18.0   66.2   67.0   72.8   76.8  100       0.01
  0.25     56.75    175.35    4.6  -56.6    7.7  -14.3   65.3   66.2   71.5   77.3  100       0.00
  0.27     49.28    155.24   20.6  -44.8   12.4   -2.1   65.4   67.1   70.7   77.3  100       0.00
  0.29     61.85    162.00   19.1  -58.8    4.1    8.7   63.6   66.3   71.2   77.3  100       0.01
  0.31    -32768    -32768 -32768 -32768 -32768 -32768    255    255    255    255    0 2147483647
  0.33    -32768    -32768 -32768 -32768 -32768 -32768    255    255    255    255    0 2147483647
  0.35    -32768    -32768 -32768 -32768 -32768 -32768    255    255    255    255    0 2147483647
  0.37    -32768    -32768 -32768 -32768 -32768 -32768    255    255    255    255    0 2147483647
  0.39    -32768    -32768 -32768 -32768 -32768 -32768    255    255    255    255    0 2147483647
  0.41    -32768    -32768 -32768 -32768 -32768 -32768    255    255    255    255    0 2147483647
  0.43    -32768    -32768 -32768 -32768 -32768 -32768    255    255    255    255    0 2147483647
  0.45    -32768    -32768 -32768 -32768 -32768 -32768    255    255    255    255    0 2147483647
  0.47    -32768    -32768 -32768 -32768 -32768 -32768    255    255    255    255    0 2147483647
  0.49    -32768    -32768 -32768 -32768 -32768 -32768    255    255    255    255    0 2147483647
  0.51    -32768    -32768 -32768 -32768 -32768 -32768    255    255    255    255    0 2147483647
  0.53    -32768    -32768 -32768 -32768 -32768 -32768    255    255    255    255    0 2147483647
  0.55    -32768    -32768 -32768 -32768 -32768 -32768    255    255    255    255    0 2147483647
  0.57    -32768    -32768 -32768 -32768 -32768 -32768    255    255    255    255    0 2147483647
  0.59    -32768    -32768 -32768 -32768 -32768 -32768    255    255    255    255    0 2147483647
  0.61    -32768    -32768 -32768 -32768 -32768 -32768    255    255    255    255    0 2147483647
  0.63    -32768    -32768 -32768 -32768 -32768 -32768    255    255    255    255    0 2147483647
  0.65    -32768    -32768 -32768 -32768 -32768 -32768    255    255    255    255    0 2147483647
  0.67    -32768    -32768 -32768 -32768 -32768 -32768    255    255    255    255    0 2147483647
  0.69    -32768    -32768 -32768 -32768 -32768 -32768    255    255    255    255    0 2147483647
  0.71    -32768    -32768 -32768 -32768 -32768 -32768    255    255    255    255    0 2147483647
  0.73    -32768    -32768 -32768 -32768 -32768 -32768    255    255    255    255    0 2147483647
18 5 29 9 56 36 92   148      1    0.790    3.030   37.920   14.940 
-32768  -32768  -32768  -32768     0.00     0.00     0.00     0.00     0.42     0.31     0.39     0.35 
4.74        15.27         3.30         3.12         4.55
30000.0000000 30000.0000000 -32768   -32768         0.0
0.1           0.2           0.1          -0.0           1.0          -0.0           1.0  0.00   0.00
30 cm BT dB 0.44  1.040
  0.15    -32768    -32768 -32768 -32768 -32768  -21.8   67.3   65.1   73.1   79.2  100 2147483647
  0.17    -32768    -32768 -32768 -32768 -32768  -31.9   67.4   67.4   72.7   78.4  100 2147483647
  0.19    -32768    -32768 -32768 -32768 -32768   10.3   66.5   66.5   72.7   78.9  100 2147483647
  0.21    -32768    -32768 -32768 -32768 -32768   -1.6   66.1   67.0   71.0   77.2  100 2147483647
  0.23    -32768    -32768 -32768 -32768 -32768   -1.0   64.4   65.7   72.3   75.4  100 2147483647
  0.25    -32768    -32768 -32768 -32768 -32768 -32768    255    255    255    255    0 2147483647
  0.27    -32768    -32768 -32768 -32768 -32768 -32768    255    255    255    255    0 2147483647
  0.29    -32768    -32768 -32768 -32768 -32768 -32768    255    255    255    255    0 2147483647
  0.31    -32768    -32768 -32768 -32768 -32768 -32768    255    255    255    255    0 2147483647
  0.33    -32768    -32768 -32768 -32768 -32768 -32768    255    255    255    255    0 2147483647
  0.35    -32768    -32768 -32768 -32768 -32768 -32768    255    255    255    255    0 2147483647
  0.37    -32768    -32768 -32768 -32768 -32768 -32768    255    255    255    255    0 2147483647
  0.39    -32768    -32768 -32768 -32768 -32768 -32768    255    255    255    255    0 2147483647
  0.41    -32768    -32768 -32768 -32768 -32768 -32768    255    255    255    255    0 2147483647
  0.43    -32768    -32768 -32768 -32768 -32768 -32768    255    255    255    255    0 2147483647
  0.45    -32768    -32768 -32768 -32768 -32768 -32768    255    255    255    255    0 2147483647
  0.47    -32768    -32768 -32768 -32768 -32768 -32768    255    255    255    255    0 2147483647
  0.49    -32768    -32768 -32768 -32768 -32768 -32768    255    255    255    255    0 2147483647
  0.51    -32768    -32768 -32768 -32768 -32768 -32768    255    255    255    255    0 2147483647
  0.53    -32768    -32768 -32768 -32768 -32768 -32768    255    255    255    255    0 2147483647
  0.55    -32768    -32768 -32768 -32768 -32768 -32768    255    255    255    255    0 2147483647
  0.57    -32768    -32768 -32768 -32768 -32768 -32768    255    255    255    255    0 2147483647
  0.59    -32768    -32768 -32768 -32768 -32768 -32768    255    255    255    255    0 2147483647
  0.61    -32768    -32768 -32768 -32768 -32768 -32768    255    255    255    255    0 2147483647
  0.63    -32768    -32768 -32768 -32768 -32768 -32768    255    255    255    255    0 2147483647
  0.65    -32768    -32768 -32768 -32768 -32768 -32768    255    255    255    255    0 2147483647
  0.67    -32768    -32768 -32768 -32768 -32768 -32768    255    255    255    255    0 2147483647
  0.69    -32768    -32768 -32768 -32768 -32768 -32768    255    255    255    255    0 2147483647
  0.71    -32768    -32768 -32768 -32768 -32768 -32768    255    255    255    255    0 2147483647
  0.73    -32768    -32768 -32768 -32768 -32768 -32768    255    255    255    255    0 2147483647
18 5 29 9 56 38 4   149      1   -2.410    8.590   34.140   14.940 
44.69    21.53     5.30     0.30     0.00     0.00     0.00     0.00     0.42     0.33     0.40     0.36 
5.86        16.39         3.79         4.13         5.61
30000.0000000 30000.0000000 -32768   -32768         0.0
0.2           0.3           0.2          -0.0           1.0          -0.0           1.0  0.15   0.25
30 cm BT dB 0.44  1.040
  0.15     45.71    150.93   22.2  -39.9  -12.4    4.3   69.5   69.1   75.3   80.6  100       0.01
  0.17    101.43    134.42   72.4  -71.0    2.8    3.4   67.4   70.0   75.3   80.2  100       0.02
  0.19     83.46    143.38   49.8  -67.0    1.3   13.6   68.3   67.8   71.8   77.6  100       0.02
  0.21     90.91    125.09   74.4  -52.3    7.2  -15.5   67.4   68.8   74.1   77.2  100       0.02
  0.23     75.67    147.25   40.9  -63.6    7.7   -7.9   66.6   67.9   71.9   77.2  100       0.02
  0.25    100.02    144.62   57.9  -81.6   -0.5   43.9   65.3   66.6   71.1   75.9  100       0.02
  0.27    -32768    -32768 -32768 -32768 -32768 -32768    255    255    255    255    0 2147483647
  0.29    -32768    -32768 -32768 -32768 -32768 -32768    255    255    255    255    0 2147483647
  0.31    -32768    -32768 -32768 -32768 -32768 -32768    255    255    255    255    0 2147483647
  0.33    -32768    -32768 -32768 -32768 -32768 -32768    255    255    255    255    0 2147483647
  0.35    -32768    -32768 -32768 -32768 -32768 -32768    255    255    255    255    0 2147483647
  0.37    -32768    -32768 -32768 -32768 -32768 -32768    255    255    255    255    0 2147483647
  0.39    -32768    -32768 -32768 -32768 -32768 -32768    255    255    255    255    0 2147483647
  0.41    -32768    -32768 -32768 -32768 -32768 -32768    255    255    255    255    0 2147483647
  0.43    -32768    -32768 -32768 -32768 -32768 -32768    255    255    255    255    0 2147483647
  0.45    -32768    -32768 -32768 -32768 -32768 -32768    255    255    255    255    0 2147483647
  0.47    -32768    -32768 -32768 -32768 -32768 -32768    255    255    255    255    0 2147483647
  0.49    -32768    -32768 -32768 -32768 -32768 -32768    255    255    255    255    0 2147483647
  0.51    -32768    -32768 -32768 -32768 -32768 -32768    255    255    255    255    0 2147483647
  0.53    -32768    -32768 -32768 -32768 -32768 -32768    255    255    255    255    0 2147483647
  0.55    -32768    -32768 -32768 -32768 -32768 -32768    255    255    255    255    0 2147483647
  0.57    -32768    -32768 -32768 -32768 -32768 -32768    255    255    255    255    0 2147483647
  0.59    -32768    -32768 -32768 -32768 -32768 -32768    255    255    255    255    0 2147483647
  0.61    -32768    -32768 -32768 -32768 -32768 -32768    255    255    255    255    0 2147483647
  0.63    -32768    -32768 -32768 -32768 -32768 -32768    255    255    255    255    0 2147483647
  0.65    -32768    -32768 -32768 -32768 -32768 -32768    255    255    255    255    0 2147483647
  0.67    -32768    -32768 -32768 -32768 -32768 -32768    255    255    255    255    0 2147483647
  0.69    -32768    -32768 -32768 -32768 -32768 -32768    255    255    255    255    0 2147483647
  0.71    -32768    -32768 -32768 -32768 -32768 -32768    255    255    255    255    0 2147483647
  0.73    -32768    -32768 -32768 -32768 -32768 -32768    255    255    255    255    0 2147483647
18 5 29 9 56 39 20   150      1    1.630    2.440   27.430   14.940 
-32768  -32768  -32768  -32768     0.00     0.00     0.00     0.00     0.41     0.32     0.39     0.28 
5.86        17.55         3.79         4.13         5.61
30000.0000000 30000.0000000 -32768   -32768         0.0
0.2           0.3           0.2          -0.0           1.0          -0.0           1.0  0.00   0.00
30 cm BT dB 0.44  1.040
  0.15    -32768    -32768 -32768 -32768 -32768  -20.8   69.5   69.5   73.1   80.1  100 2147483647
  0.17    -32768    -32768 -32768 -32768 -32768  -10.4   69.6   68.7   72.7   80.2  100 2147483647
  0.19    -32768    -32768 -32768 -32768 -32768   23.2   68.7   67.4   72.7   81.1  100 2147483647
  0.21    -32768    -32768 -32768 -32768 -32768 -32768    255    255    255    255    0 2147483647
  0.23    -32768    -32768 -32768 -32768 -32768 -32768    255    255    255    255    0 2147483647
  0.25    -32768    -32768 -32768 -32768 -32768 -32768    255    255    255    255    0 2147483647
  0.27    -32768    -32768 -32768 -32768 -32768 -32768    255    255    255    255    0 2147483647
  0.29    -32768    -32768 -32768 -32768 -32768 -32768    255    255    255    255    0 2147483647
  0.31    -32768    -32768 -32768 -32768 -32768 -32768    255    255    255    255    0 2147483647
  0.33    -32768    -32768 -32768 -32768 -32768 -32768    255    255    255    255    0 2147483647
  0.35    -32768    -32768 -32768 -32768 -32768 -32768    255    255    255    255    0 2147483647
  0.37    -32768    -32768 -32768 -32768 -32768 -32768    255    255    255    255    0 2147483647
  0.39    -32768    -32768 -32768 -32768 -32768 -32768    255    255    255    255    0 2147483647
  0.41    -32768    -32768 -32768 -32768 -32768 -32768    255    255    255    255    0 2147483647
  0.43    -32768    -32768 -32768 -32768 -32768 -32768    255    255    255    255    0 2147483647
  0.45    -32768    -32768 -32768 -32768 -32768 -32768    255    255    255    255    0 2147483647
  0.47    -32768    -32768 -32768 -32768 -32768 -32768    255    255    255    255    0 2147483647
  0.49    -32768    -32768 -32768 -32768 -32768 -32768    255    255    255    255    0 2147483647
  0.51    -32768    -32768 -32768 -32768 -32768 -32768    255    255    255    255    0 2147483647
  0.53    -32768    -32768 -32768 -32768 -32768 -32768    255    255    255    255    0 2147483647
  0.55    -32768    -32768 -32768 -32768 -32768 -32768    255    255    255    255    0 2147483647
  0.57    -32768    -32768 -32768 -32768 -32768 -32768    255    255    255    255    0 2147483647
  0.59    -32768    -32768 -32768 -32768 -32768 -32768    255    255    255    255    0 2147483647
  0.61    -32768    -32768 -32768 -32768 -32768 -32768    255    255    255    255    0 2147483647
  0.63    -32768    -32768 -32768 -32768 -32768 -32768    255    255    255    255    0 2147483647
  0.65    -32768    -32768 -32768 -32768 -32768 -32768    255    255    255    255    0 2147483647
  0.67    -32768    -32768 -32768 -32768 -32768 -32768    255    255    255    255    0 2147483647
  0.69    -32768    -32768 -32768 -32768 -32768 -32768    255    255    255    255    0 2147483647
  0.71    -32768    -32768 -32768 -32768 -32768 -32768    255    255    255    255    0 2147483647
  0.73    -32768    -32768 -32768 -32768 -32768 -32768    255    255    255    255    0 2147483647
18 5 29 9 56 40 37   151      1   -1.520    5.070   25.140   14.940 
21.23    24.06    -1.50    -7.50     0.00     0.00     0.00     0.00     0.40     0.36     0.38     0.35 
6.61        18.72         4.35         4.63         6.35
30000.0000000 30000.0000000 -32768   -32768         0.0
0.3           0.4           0.2           0.1           1.0           0.0           1.0  0.15   0.27
30 cm BT dB 0.44  1.040
  0.15     34.06    132.56   25.1  -23.0   -5.7    8.1   68.2   69.5   76.1   78.4  100       0.01
  0.17     79.87    104.90   77.2  -20.5    4.9    4.3   67.8   69.1   72.7   78.8  100       0.01
  0.19     66.58    126.40   53.6  -39.5    4.0    1.7   66.1   69.6   72.7   77.6  100       0.01
  0.21     76.37    127.16   60.9  -46.1   -3.1  -29.5   67.0   66.6   71.4   78.0  100       0.01
  0.23     81.45    135.62   57.0  -58.2    3.1    9.7   64.8   67.5   71.5   77.6  100       0.01
  0.25     90.07    142.07   55.4  -71.0   -9.9   -9.2   65.8   65.8   71.1   76.8  100       0.01
  0.27     78.71    127.46   62.5  -47.9   -4.9   37.4   64.9   66.2   70.2   77.7  100       0.01
  0.29    -32768    -32768 -32768 -32768 -32768 -32768    255    255    255    255    0 2147483647
  0.31    -32768    -32768 -32768 -32768 -32768 -32768    255    255    255    255    0 2147483647
  0.33    -32768    -32768 -32768 -32768 -32768 -32768    255    255    255    255    0 2147483647
  0.35    -32768    -32768 -32768 -32768 -32768 -32768    255    255    255    255    0 2147483647
  0.37    -32768    -32768 -32768 -32768 -32768 -32768    255    255    255    255    0 2147483647
  0.39    -32768    -32768 -32768 -32768 -32768 -32768    255    255    255    255    0 2147483647
  0.41    -32768    -32768 -32768 -32768 -32768 -32768    255    255    255    255    0 2147483647
  0.43    -32768    -32768 -32768 -32768 -32768 -32768    255    255    255    255    0 2147483647
  0.45    -32768    -32768 -32768 -32768 -32768 -32768    255    255    255    255    0 2147483647
  0.47    -32768    -32768 -32768 -32768 -32768 -32768    255    255    255    255    0 2147483647
  0.49    -32768    -32768 -32768 -32768 -32768 -32768    255    255    255    255    0 2147483647
  0.51    -32768    -32768 -32768 -32768 -32768 -32768    255    255    255    255    0 2147483647
  0.53    -32768    -32768 -32768 -32768 -32768 -32768    255    255    255    255    0 2147483647
  0.55    -32768    -32768 -32768 -32768 -32768 -32768    255    255    255    255    0 2147483647
  0.57    -32768    -32768 -32768 -32768 -32768 -32768    255    255    255    255    0 2147483647
  0.59    -32768    -32768 -32768 -32768 -32768 -32768    255    255    255    255    0 2147483647
  0.61    -32768    -32768 -32768 -32768 -32768 -32768    255    255    255    255    0 2147483647
  0.63    -32768    -32768 -32768 -32768 -32768 -32768    255    255    255    255    0 2147483647
  0.65    -32768    -32768 -32768 -32768 -32768 -32768    255    255    255    255    0 2147483647
  0.67    -32768    -32768 -32768 -32768 -32768 -32768    255    255    255    255    0 2147483647
  0.69    -32768    -32768 -32768 -32768 -32768 -32768    255    255    255    255    0 2147483647
  0.71    -32768    -32768 -32768 -32768 -32768 -32768    255    255    255    255    0 2147483647
  0.73    -32768    -32768 -32768 -32768 -32768 -32768    255    255    255    255    0 2147483647
18 5 29 9 56 41 49   152      1    2.520    7.640   28.500   14.940 
38.15    23.32    -6.70     2.30     0.00     0.00     0.00     0.00     0.39     0.39     0.43     0.39 
7.11        19.84         4.61         5.06         6.84
30000.0000000 30000.0000000 -32768   -32768         0.0
0.4           0.5           0.3           0.1           1.0           0.1           1.0  0.15   0.29
30 cm BT dB 0.44  1.040
  0.15    100.61    128.75   78.5  -63.0  -14.3   -9.6   68.6   69.1   73.9   76.6  100       0.01
  0.17     73.74    107.56   70.3  -22.2   -8.6  -10.9   67.4   69.1   72.7   76.6  100       0.01
  0.19     88.87    131.77   66.3  -59.2    4.0   21.5   66.1   66.5   73.1   78.0  100       0.01
  0.21    106.29    169.84   18.7 -104.6   -5.5    7.0   65.2   65.7   72.3   77.6  100       0.01
  0.23     77.06    138.53   51.0  -57.7    5.7   -4.7   66.6   65.7   71.5   77.2  100       0.01
  0.25     48.97    145.07   28.0  -40.1  -11.0   -8.8   65.8   65.8   71.5   76.8  100       0.00
  0.27     76.88    164.82   20.1  -74.2    0.3   27.4   65.8   65.8   69.3   76.0  100       0.01
  0.29     48.32    134.72   34.3  -34.0   -2.7   18.9   64.5   65.0   69.4   75.6  100       0.00
  0.31    -32768    -32768 -32768 -32768 -32768 -32768    255    255    255    255    0 2147483647
  0.33    -32768    -32768 -32768 -32768 -32768 -32768    255    255    255    255    0 2147483647
  0.35    -32768    -32768 -32768 -32768 -32768 -32768    255    255    255    255    0 2147483647
  0.37    -32768    -32768 -32768 -32768 -32768 -32768    255    255    255    255    0 2147483647
  0.39    -32768    -32768 -32768 -32768 -32768 -32768    255    255    255    255    0 2147483647
  0.41    -32768    -32768 -32768 -32768 -32768 -32768    255    255    255    255    0 2147483647
  0.43    -32768    -32768 -32768 -32768 -32768 -32768    255    255    255    255    0 2147483647
  0.45    -32768    -32768 -32768 -32768 -32768 -32768    255    255    255    255    0 2147483647
  0.47    -32768    -32768 -32768 -32768 -32768 -32768    255    255    255    255    0 2147483647
  0.49    -32768    -32768 -32768 -32768 -32768 -32768    255    255    255    255    0 2147483647
  0.51    -32768    -32768 -32768 -32768 -32768 -32768    255    255    255    255    0 2147483647
  0.53    -32768    -32768 -32768 -32768 -32768 -32768    255    255    255    255    0 2147483647
  0.55    -32768    -32768 -32768 -32768 -32768 -32768    255    255    255    255    0 2147483647
  0.57    -32768    -32768 -32768 -32768 -32768 -32768    255    255    255    255    0 2147483647
  0.59    -32768    -32768 -32768 -32768 -32768 -32768    255    255    255    255    0 2147483647
  0.61    -32768    -32768 -32768 -32768 -32768 -32768    255    255    255    255    0 2147483647
  0.63    -32768    -32768 -32768 -32768 -32768 -32768    255    255    255    255    0 2147483647
  0.65    -32768    -32768 -32768 -32768 -32768 -32768    255    255    255    255    0 2147483647
  0.67    -32768    -32768 -32768 -32768 -32768 -32768    255    255    255    255    0 2147483647
  0.69    -32768    -32768 -32768 -32768 -32768 -32768    255    255    255    255    0 2147483647
  0.71    -32768    -32768 -32768 -32768 -32768 -32768    255    255    255    255    0 2147483647
  0.73    -32768    -32768 -32768 -32768 -32768 -32768    255    255    255    255    0 2147483647
18 5 29 9 56 42 63   153      1    4.420    0.410   22.770   14.940 
35.48    27.95     0.30     7.50     0.00     0.00     0.00     0.00     0.40     0.35     0.37     0.39 
7.63        20.98         4.93         5.46         7.36
30000.0000000 30000.0000000 -32768   -32768         0.0
0.4           0.5           0.3           0.1           1.0           0.1           1.0  0.15   0.27
30 cm BT dB 0.44  1.040
  0.15     90.83    111.32   84.6  -33.0    2.3    4.3   69.1   66.4   72.2   77.9  100       0.01
  0.17    124.05    118.65  108.9  -59.5   -9.1  -17.5   66.5   66.0   72.7   78.0  100       0.01
  0.19     97.69    129.00   75.9  -61.5   -0.4   29.5   67.8   67.0   71.4   78.0  100       0.01
  0.21     74.19    121.14   63.5  -38.4   -1.1   -2.1   66.6   65.7   71.9   76.7  100       0.01
  0.23     68.01    128.38   53.3  -42.2   -9.4   45.9   66.6   67.5   71.5   77.6  100       0.01
  0.25    123.21    116.82  110.0  -55.6   -2.0   41.8   64.9   65.3   71.5   75.5  100       0.01
  0.27     49.11     80.67   48.5    8.0  -14.2  -18.6   64.9   66.7   71.1   76.4  100       0.00
  0.29    -32768    -32768 -32768 -32768 -32768 -32768    255    255    255    255    0 2147483647
  0.31    -32768    -32768 -32768 -32768 -32768 -32768    255    255    255    255    0 2147483647
  0.33    -32768    -32768 -32768 -32768 -32768 -32768    255    255    255    255    0 2147483647
  0.35    -32768    -32768 -32768 -32768 -32768 -32768    255    255    255    255    0 2147483647
  0.37    -32768    -32768 -32768 -32768 -32768 -32768    255    255    255    255    0 2147483647
  0.39    -32768    -32768 -32768 -32768 -32768 -32768    255    255    255    255    0 2147483647
  0.41    -32768    -32768 -32768 -32768 -32768 -32768    255    255    255    255    0 2147483647
  0.43    -32768    -32768 -32768 -32768 -32768 -32768    255    255    255    255    0 2147483647
  0.45    -32768    -32768 -32768 -32768 -32768 -32768    255    255    255    255    0 2147483647
  0.47    -32768    -32768 -32768 -32768 -32768 -32768    255    255    255    255    0 2147483647
  0.49    -32768    -32768 -32768 -32768 -32768 -32768    255    255    255    255    0 2147483647
  0.51    -32768    -32768 -32768 -32768 -32768 -32768    255    255    255    255    0 2147483647
  0.53    -32768    -32768 -32768 -32768 -32768 -32768    255    255    255    255    0 2147483647
  0.55    -32768    -32768 -32768 -32768 -32768 -32768    255    255    255    255    0 2147483647
  0.57    -32768    -32768 -32768 -32768 -32768 -32768    255    255    255    255    0 2147483647
  0.59    -32768    -32768 -32768 -32768 -32768 -32768    255    255    255    255    0 2147483647
  0.61    -32768    -32768 -32768 -32768 -32768 -32768    255    255    255    255    0 2147483647
  0.63    -32768    -32768 -32768 -32768 -32768 -32768    255    255    255    255    0 2147483647
  0.65    -32768    -32768 -32768 -32768 -32768 -32768    255    255    255    255    0 2147483647
  0.67    -32768    -32768 -32768 -32768 -32768 -32768    255    255    255    255    0 2147483647
  0.69    -32768    -32768 -32768 -32768 -32768 -32768    255    255    255    255    0 2147483647
  0.71    -32768    -32768 -32768 -32768 -32768 -32768    255    255    255    255    0 2147483647
  0.73    -32768    -32768 -32768 -32768 -32768 -32768    255    255    255    255    0 2147483647
18 5 29 9 56 43 78   154      1    7.830   -1.140   14.410   14.940 
29.62    31.31    -3.60    -2.60     0.00     0.00     0.00     0.00     0.34     0.36     0.36     0.38 
8.12        22.13         5.29         5.80         7.85
30000.0000000 30000.0000000 -32768   -32768         0.0
0.5           0.6           0.3           0.1           1.0           0.1           1.0  0.15   0.25
30 cm BT dB 0.44  1.040
  0.15     72.51    123.07   60.8  -39.6   -9.3   -4.2   68.2   66.4   72.6   78.4  100       0.01
  0.17     70.88    109.51   66.8  -23.7   -8.9   15.5   66.0   68.7   74.0   79.3  100       0.01
  0.19     40.03    159.69   13.9  -37.5   -0.6   20.6   67.0   68.3   72.3   76.7  100       0.00
  0.21     81.59    120.49   70.3  -41.4   -2.3  -10.1   66.6   66.6   71.4   78.0  100       0.01
  0.23     65.36    143.82   38.6  -52.8    0.6   -7.8   65.3   67.9   71.5   76.3  100       0.01
  0.25     41.95    163.26   12.1  -40.2    0.1  -29.6   65.8   66.6   70.6   74.2  100       0.00
  0.27    -32768    -32768 -32768 -32768 -32768 -32768    255    255    255    255    0 2147483647
  0.29    -32768    -32768 -32768 -32768 -32768 -32768    255    255    255    255    0 2147483647
  0.31    -32768    -32768 -32768 -32768 -32768 -32768    255    255    255    255    0 2147483647
  0.33    -32768    -32768 -32768 -32768 -32768 -32768    255    255    255    255    0 2147483647
  0.35    -32768    -32768 -32768 -32768 -32768 -32768    255    255    255    255    0 2147483647
  0.37    -32768    -32768 -32768 -32768 -32768 -32768    255    255    255    255    0 2147483647
  0.39    -32768    -32768 -32768 -32768 -32768 -32768    255    255    255    255    0 2147483647
  0.41    -32768    -32768 -32768 -32768 -32768 -32768    255    255    255    255    0 2147483647
  0.43    -32768    -32768 -32768 -32768 -32768 -32768    255    255    255    255    0 2147483647
  0.45    -32768    -32768 -32768 -32768 -32768 -32768    255    255    255    255    0 2147483647
  0.47    -32768    -32768 -32768 -32768 -32768 -32768    255    255    255    255    0 2147483647
  0.49    -32768    -32768 -32768 -32768 -32768 -32768    255    255    255    255    0 2147483647
  0.51    -32768    -32768 -32768 -32768 -32768 -32768    255    255    255    255    0 2147483647
  0.53    -32768    -32768 -32768 -32768 -32768 -32768    255    255    255    255    0 2147483647
  0.55    -32768    -32768 -32768 -32768 -32768 -32768    255    255    255    255    0 2147483647
  0.57    -32768    -32768 -32768 -32768 -32768 -32768    255    255    255    255    0 2147483647
  0.59    -32768    -32768 -32768 -32768 -32768 -32768    255    255    255    255    0 2147483647
  0.61    -32768    -32768 -32768 -32768 -32768 -32768    255    255    255    255    0 2147483647
  0.63    -32768    -32768 -32768 -32768 -32768 -32768    255    255    255    255    0 2147483647
  0.65    -32768    -32768 -32768 -32768 -32768 -32768    255    255    255    255    0 2147483647
  0.67    -32768    -32768 -32768 -32768 -32768 -32768    255    255    255    255    0 2147483647
  0.69    -32768    -32768 -32768 -32768 -32768 -32768    255    255    255    255    0 2147483647
  0.71    -32768    -32768 -32768 -32768 -32768 -32768    255    255    255    255    0 2147483647
  0.73    -32768    -32768 -32768 -32768 -32768 -32768    255    255    255    255    0 2147483647
18 5 29 9 56 44 93   155      1   -3.730    8.300   24.120   14.940 
22.33    25.39     1.60    -6.40     0.00     0.00     0.00     0.00     0.30     0.33     0.30     0.32 
8.51        23.28         5.58         6.06         8.24
30000.0000000 30000.0000000 -32768   -32768         0.0
0.5           0.7           0.3           0.1           1.0           0.1           1.0  0.15   0.21
30 cm BT dB 0.44  1.040
  0.15    103.77    129.20   80.4  -65.6   -0.5   20.4   67.3   71.3   74.4   79.7  100       0.01
  0.17    110.88    122.83   93.2  -60.1   -2.6   -3.3   66.9   67.4   71.8   79.3  100       0.01
  0.19    105.37    118.91   92.2  -50.9    3.3   10.6   67.0   67.8   72.3   78.4  100       0.01
  0.21     83.95    116.03   75.4  -36.8   -3.4   -9.7   67.9   68.8   72.3   78.0  100       0.01
  0.23    -32768    -32768 -32768 -32768 -32768 -32768    255    255    255    255    0 2147483647
  0.25    -32768    -32768 -32768 -32768 -32768 -32768    255    255    255    255    0 2147483647
  0.27    -32768    -32768 -32768 -32768 -32768 -32768    255    255    255    255    0 2147483647
  0.29    -32768    -32768 -32768 -32768 -32768 -32768    255    255    255    255    0 2147483647
  0.31    -32768    -32768 -32768 -32768 -32768 -32768    255    255    255    255    0 2147483647
  0.33    -32768    -32768 -32768 -32768 -32768 -32768    255    255    255    255    0 2147483647
  0.35    -32768    -32768 -32768 -32768 -32768 -32768    255    255    255    255    0 2147483647
  0.37    -32768    -32768 -32768 -32768 -32768 -32768    255    255    255    255    0 2147483647
  0.39    -32768    -32768 -32768 -32768 -32768 -32768    255    255    255    255    0 2147483647
  0.41    -32768    -32768 -32768 -32768 -32768 -32768    255    255    255    255    0 2147483647
  0.43    -32768    -32768 -32768 -32768 -32768 -32768    255    255    255    255    0 2147483647
  0.45    -32768    -32768 -32768 -32768 -32768 -32768    255    255    255    255    0 2147483647
  0.47    -32768    -32768 -32768 -32768 -32768 -32768    255    255    255    255    0 2147483647
  0.49    -32768    -32768 -32768 -32768 -32768 -32768    255    255    255    255    0 2147483647
  0.51    -32768    -32768 -32768 -32768 -32768 -32768    255    255    255    255    0 2147483647
  0.53    -32768    -32768 -32768 -32768 -32768 -32768    255    255    255    255    0 2147483647
  0.55    -32768    -32768 -32768 -32768 -32768 -32768    255    255    255    255    0 2147483647
  0.57    -32768    -32768 -32768 -32768 -32768 -32768    255    255    255    255    0 2147483647
  0.59    -32768    -32768 -32768 -32768 -32768 -32768    255    255    255    255    0 2147483647
  0.61    -32768    -32768 -32768 -32768 -32768 -32768    255    255    255    255    0 2147483647
  0.63    -32768    -32768 -32768 -32768 -32768 -32768    255    255    255    255    0 2147483647
  0.65    -32768    -32768 -32768 -32768 -32768 -32768    255    255    255    255    0 2147483647
  0.67    -32768    -32768 -32768 -32768 -32768 -32768    255    255    255    255    0 2147483647
  0.69    -32768    -32768 -32768 -32768 -32768 -32768    255    255    255    255    0 2147483647
  0.71    -32768    -32768 -32768 -32768 -32768 -32768    255    255    255    255    0 2147483647
  0.73    -32768    -32768 -32768 -32768 -32768 -32768    255    255    255    255    0 2147483647
18 5 29 9 56 46 8   156      1    0.400    0.350   22.780   14.940 
23.64    28.14     9.80     9.90     0.00     0.00     0.00     0.00     0.27     0.34     0.33     0.34 
8.94        24.43         5.90         6.33         8.66
30000.0000000 30000.0000000 -32768   -32768         0.0
0.5           0.7           0.3           0.1           1.0           0.1           1.0  0.15   0.19
30 cm BT dB 0.44  1.040
  0.15     43.16     69.85   40.5   14.9    3.2  -36.1   69.1   69.1   75.3   78.4  100       0.00
  0.17      5.20     45.40    3.7    3.7   -2.6  -16.1   68.7   68.7   73.1   79.3  100       0.00
  0.19     43.36     93.38   43.3   -2.6   18.0  -17.0   67.0   68.3   72.3   78.0  100       0.00
  0.21    -32768    -32768 -32768 -32768 -32768 -32768    255    255    255    255    0 2147483647
  0.23    -32768    -32768 -32768 -32768 -32768 -32768    255    255    255    255    0 2147483647
  0.25    -32768    -32768 -32768 -32768 -32768 -32768    255    255    255    255    0 2147483647
  0.27    -32768    -32768 -32768 -32768 -32768 -32768    255    255    255    255    0 2147483647
  0.29    -32768    -32768 -32768 -32768 -32768 -32768    255    255    255    255    0 2147483647
  0.31    -32768    -32768 -32768 -32768 -32768 -32768    255    255    255    255    0 2147483647
  0.33    -32768    -32768 -32768 -32768 -32768 -32768    255    255    255    255    0 2147483647
  0.35    -32768    -32768 -32768 -32768 -32768 -32768    255    255    255    255    0 2147483647
  0.37    -32768    -32768 -32768 -32768 -32768 -32768    255    255    255    255    0 2147483647
  0.39    -32768    -32768 -32768 -32768 -32768 -32768    255    255    255    255    0 2147483647
  0.41    -32768    -32768 -32768 -32768 -32768 -32768    255    255    255    255    0 2147483647
  0.43    -32768    -32768 -32768 -32768 -32768 -32768    255    255    255    255    0 2147483647
  0.45    -32768    -32768 -32768 -32768 -32768 -32768    255    255    255    255    0 2147483647
  0.47    -32768    -32768 -32768 -32768 -32768 -32768    255    255    255    255    0 2147483647
  0.49    -32768    -32768 -32768 -32768 -32768 -32768    255    255    255    255    0 2147483647
  0.51    -32768    -32768 -32768 -32768 -32768 -32768    255    255    255    255    0 2147483647
  0.53    -32768    -32768 -32768 -32768 -32768 -32768    255    255    255    255    0 2147483647
  0.55    -32768    -32768 -32768 -32768 -32768 -32768    255    255    255    255    0 2147483647
  0.57    -32768    -32768 -32768 -32768 -32768 -32768    255    255    255    255    0 2147483647
  0.59    -32768    -32768 -32768 -32768 -32768 -32768    255    255    255    255    0 2147483647
  0.61    -32768    -32768 -32768 -32768 -32768 -32768    255    255    255    255    0 2147483647
  0.63    -32768    -32768 -32768 -32768 -32768 -32768    255    255    255    255    0 2147483647
  0.65    -32768    -32768 -32768 -32768 -32768 -32768    255    255    255    255    0 2147483647
  0.67    -32768    -32768 -32768 -32768 -32768 -32768    255    255    255    255    0 2147483647
  0.69    -32768    -32768 -32768 -32768 -32768 -32768    255    255    255    255    0 2147483647
  0.71    -32768    -32768 -32768 -32768 -32768 -32768    255    255    255    255    0 2147483647
  0.73    -32768    -32768 -32768 -32768 -32768 -32768    255    255    255    255    0 2147483647
18 5 29 9 56 47 26   157      1    7.870   -2.810   18.910   14.940 
-32768  -32768  -32768  -32768     0.00     0.00     0.00     0.00     0.28     0.25     0.27     0.25 
8.94        25.61         5.90         6.33         8.66
30000.0000000 30000.0000000 -32768   -32768         0.0
0.5           0.7           0.3           0.1           1.0           0.1           1.0  0.00   0.00
30 cm BT dB 0.44  1.040
  0.15    -32768    -32768 -32768 -32768 -32768   -9.0   68.2   69.1   72.2   79.7  100 2147483647
  0.17    -32768    -32768 -32768 -32768 -32768   42.7   67.4   65.1   72.2   78.8  100 2147483647
  0.19    -32768    -32768 -32768 -32768 -32768 -32768    255    255    255    255    0 2147483647
  0.21    -32768    -32768 -32768 -32768 -32768 -32768    255    255    255    255    0 2147483647
  0.23    -32768    -32768 -32768 -32768 -32768 -32768    255    255    255    255    0 2147483647
  0.25    -32768    -32768 -32768 -32768 -32768 -32768    255    255    255    255    0 2147483647
  0.27    -32768    -32768 -32768 -32768 -32768 -32768    255    255    255    255    0 2147483647
  0.29    -32768    -32768 -32768 -32768 -32768 -32768    255    255    255    255    0 2147483647
  0.31    -32768    -32768 -32768 -32768 -32768 -32768    255    255    255    255    0 2147483647
  0.33    -32768    -32768 -32768 -32768 -32768 -32768    255    255    255    255    0 2147483647
  0.35    -32768    -32768 -32768 -32768 -32768 -32768    255    255    255    255    0 2147483647
  0.37    -32768    -32768 -32768 -32768 -32768 -32768    255    255    255    255    0 2147483647
  0.39    -32768    -32768 -32768 -32768 -32768 -32768    255    255    255    255    0 2147483647
  0.41    -32768    -32768 -32768 -32768 -32768 -32768    255    255    255    255    0 2147483647
  0.43    -32768    -32768 -32768 -32768 -32768 -32768    255    255    255    255    0 2147483647
  0.45    -32768    -32768 -32768 -32768 -32768 -32768    255    255    255    255    0 2147483647
  0.47    -32768    -32768 -32768 -32768 -32768 -32768    255    255    255    255    0 2147483647
  0.49    -32768    -32768 -32768 -32768 -32768 -32768    255    255    255    255    0 2147483647
  0.51    -32768    -32768 -32768 -32768 -32768 -32768    255    255    255    255    0 2147483647
  0.53    -32768    -32768 -32768 -32768 -32768 -32768    255    255    255    255    0 2147483647
  0.55    -32768    -32768 -32768 -32768 -32768 -32768    255    255    255    255    0 2147483647
  0.57    -32768    -32768 -32768 -32768 -32768 -32768    255    255    255    255    0 2147483647
  0.59    -32768    -32768 -32768 -32768 -32768 -32768    255    255    255    255    0 2147483647
  0.61    -32768    -32768 -32768 -32768 -32768 -32768    255    255    255    255    0 2147483647
  0.63    -32768    -32768 -32768 -32768 -32768 -32768    255    255    255    255    0 2147483647
  0.65    -32768    -32768 -32768 -32768 -32768 -32768    255    255    255    255    0 2147483647
  0.67    -32768    -32768 -32768 -32768 -32768 -32768    255    255    255    255    0 2147483647
  0.69    -32768    -32768 -32768 -32768 -32768 -32768    255    255    255    255    0 2147483647
  0.71    -32768    -32768 -32768 -32768 -32768 -32768    255    255    255    255    0 2147483647
  0.73    -32768    -32768 -32768 -32768 -32768 -32768    255    255    255    255    0 2147483647
18 5 29 9 56 48 48   158      1    3.620    1.040   30.420   14.940 
-32768  -32768  -32768  -32768     0.00     0.00     0.00     0.00     0.30     0.29     0.29     0.27 
8.94        26.83         5.90         6.33         8.66
30000.0000000 30000.0000000 -32768   -32768         0.0
0.5           0.7           0.3           0.1           1.0           0.1           1.0  0.00   0.00
30 cm BT dB 0.44  1.040
  0.15    -32768    -32768 -32768 -32768 -32768  -20.3   66.0   67.3   72.2   77.5  100 2147483647
  0.17    -32768    -32768 -32768 -32768 -32768   -1.2   64.7   67.4   72.7   77.1  100 2147483647
  0.19    -32768    -32768 -32768 -32768 -32768    5.6   63.9   65.6   71.4   78.0  100 2147483647
  0.21    -32768    -32768 -32768 -32768 -32768 -32768    255    255    255    255    0 2147483647
  0.23    -32768    -32768 -32768 -32768 -32768 -32768    255    255    255    255    0 2147483647
  0.25    -32768    -32768 -32768 -32768 -32768 -32768    255    255    255    255    0 2147483647
  0.27    -32768    -32768 -32768 -32768 -32768 -32768    255    255    255    255    0 2147483647
  0.29    -32768    -32768 -32768 -32768 -32768 -32768    255    255    255    255    0 2147483647
  0.31    -32768    -32768 -32768 -32768 -32768 -32768    255    255    255    255    0 2147483647
  0.33    -32768    -32768 -32768 -32768 -32768 -32768    255    255    255    255    0 2147483647
  0.35    -32768    -32768 -32768 -32768 -32768 -32768    255    255    255    255    0 2147483647
  0.37    -32768    -32768 -32768 -32768 -32768 -32768    255    255    255    255    0 2147483647
  0.39    -32768    -32768 -32768 -32768 -32768 -32768    255    255    255    255    0 2147483647
  0.41    -32768    -32768 -32768 -32768 -32768 -32768    255    255    255    255    0 2147483647
  0.43    -32768    -32768 -32768 -32768 -32768 -32768    255    255    255    255    0 2147483647
  0.45    -32768    -32768 -32768 -32768 -32768 -32768    255    255    255    255    0 2147483647
  0.47    -32768    -32768 -32768 -32768 -32768 -32768    255    255    255    255    0 2147483647
  0.49    -32768    -32768 -32768 -32768 -32768 -32768    255    255    255    255    0 2147483647
  0.51    -32768    -32768 -32768 -32768 -32768 -32768    255    255    255    255    0 2147483647
  0.53    -32768    -32768 -32768 -32768 -32768 -32768    255    255    255    255    0 2147483647
  0.55    -32768    -32768 -32768 -32768 -32768 -32768    255    255    255    255    0 2147483647
  0.57    -32768    -32768 -32768 -32768 -32768 -32768    255    255    255    255    0 2147483647
  0.59    -32768    -32768 -32768 -32768 -32768 -32768    255    255    255    255    0 2147483647
  0.61    -32768    -32768 -32768 -32768 -32768 -32768    255    255    255    255    0 2147483647
  0.63    -32768    -32768 -32768 -32768 -32768 -32768    255    255    255    255    0 2147483647
  0.65    -32768    -32768 -32768 -32768 -32768 -32768    255    255    255    255    0 2147483647
  0.67    -32768    -32768 -32768 -32768 -32768 -32768    255    255    255    255    0 2147483647
  0.69    -32768    -32768 -32768 -32768 -32768 -32768    255    255    255    255    0 2147483647
  0.71    -32768    -32768 -32768 -32768 -32768 -32768    255    255    255    255    0 2147483647
  0.73    -32768    -32768 -32768 -32768 -32768 -32768    255    255    255    255    0 2147483647
18 5 29 9 56 49 70   159      1    3.120    1.660   27.780   14.940 
21.66    29.96     0.80     3.00     0.00     0.00     0.00     0.00     0.33     0.29     0.25     0.29 
10.27        28.05         6.99         7.11         9.97
30000.0000000 30000.0000000 -32768   -32768         0.0
0.5           0.8           0.4           0.1           1.0           0.1           1.0  0.15   0.17
30 cm BT dB 0.44  1.040
  0.15     70.73    123.30   59.1  -38.8   -5.9  -15.3   64.2   66.4   70.0   77.5  100       0.02
  0.17     42.65    114.96   38.7  -18.0   -3.3   17.6   63.8   66.9   69.6   74.9  100       0.01
  0.19    -32768    -32768 -32768 -32768 -32768 -32768    255    255    255    255    0 2147483647
  0.21    -32768    -32768 -32768 -32768 -32768 -32768    255    255    255    255    0 2147483647
  0.23    -32768    -32768 -32768 -32768 -32768 -32768    255    255    255    255    0 2147483647
  0.25    -32768    -32768 -32768 -32768 -32768 -32768    255    255    255    255    0 2147483647
  0.27    -32768    -32768 -32768 -32768 -32768 -32768    255    255    255    255    0 2147483647
  0.29    -32768    -32768 -32768 -32768 -32768 -32768    255    255    255    255    0 2147483647
  0.31    -32768    -32768 -32768 -32768 -32768 -32768    255    255    255    255    0 2147483647
  0.33    -32768    -32768 -32768 -32768 -32768 -32768    255    255    255    255    0 2147483647
  0.35    -32768    -32768 -32768 -32768 -32768 -32768    255    255    255    255    0 2147483647
  0.37    -32768    -32768 -32768 -32768 -32768 -32768    255    255    255    255    0 2147483647
  0.39    -32768    -32768 -32768 -32768 -32768 -32768    255    255    255    255    0 2147483647
  0.41    -32768    -32768 -32768 -32768 -32768 -32768    255    255    255    255    0 2147483647
  0.43    -32768    -32768 -32768 -32768 -32768 -32768    255    255    255    255    0 2147483647
  0.45    -32768    -32768 -32768 -32768 -32768 -32768    255    255    255    255    0 2147483647
  0.47    -32768    -32768 -32768 -32768 -32768 -32768    255    255    255    255    0 2147483647
  0.49    -32768    -32768 -32768 -32768 -32768 -32768    255    255    255    255    0 2147483647
  0.51    -32768    -32768 -32768 -32768 -32768 -32768    255    255    255    255    0 2147483647
  0.53    -32768    -32768 -32768 -32768 -32768 -32768    255    255    255    255    0 2147483647
  0.55    -32768    -32768 -32768 -32768 -32768 -32768    255    255    255    255    0 2147483647
  0.57    -32768    -32768 -32768 -32768 -32768 -32768    255    255    255    255    0 2147483647
  0.59    -32768    -32768 -32768 -32768 -32768 -32768    255    255    255    255    0 2147483647
  0.61    -32768    -32768 -32768 -32768 -32768 -32768    255    255    255    255    0 2147483647
  0.63    -32768    -32768 -32768 -32768 -32768 -32768    255    255    255    255    0 2147483647
  0.65    -32768    -32768 -32768 -32768 -32768 -32768    255    255    255    255    0 2147483647
  0.67    -32768    -32768 -32768 -32768 -32768 -32768    255    255    255    255    0 2147483647
  0.69    -32768    -32768 -32768 -32768 -32768 -32768    255    255    255    255    0 2147483647
  0.71    -32768    -32768 -32768 -32768 -32768 -32768    255    255    255    255    0 2147483647
  0.73    -32768    -32768 -32768 -32768 -32768 -32768    255    255    255    255    0 2147483647
18 5 29 9 56 50 91   160      1    5.370    1.810   22.390   14.940 
21.83    31.46    -1.20     3.20     0.00     0.00     0.00     0.00     0.28     0.31     0.28     0.27 
10.74        29.26         7.37         7.38        10.43
30000.0000000 30000.0000000 -32768   -32768         0.0
0.5           0.8           0.4           0.1           1.0           0.1           1.0  0.15   0.19
30 cm BT dB 0.44  1.040
  0.15     20.01    106.37   19.2   -5.6   -1.2  -14.3   62.4   65.5   67.8   77.0  100       0.00
  0.17     73.38     88.51   73.4    1.9   -5.2   10.5   62.9   64.7   70.9   75.7  100       0.01
  0.19     32.79     94.45   32.7   -2.5   -1.2  -12.9   64.3   64.7   67.4   74.9  100       0.00
  0.21    -32768    -32768 -32768 -32768 -32768 -32768    255    255    255    255    0 2147483647
  0.23    -32768    -32768 -32768 -32768 -32768 -32768    255    255    255    255    0 2147483647
  0.25    -32768    -32768 -32768 -32768 -32768 -32768    255    255    255    255    0 2147483647
  0.27    -32768    -32768 -32768 -32768 -32768 -32768    255    255    255    255    0 2147483647
  0.29    -32768    -32768 -32768 -32768 -32768 -32768    255    255    255    255    0 2147483647
  0.31    -32768    -32768 -32768 -32768 -32768 -32768    255    255    255    255    0 2147483647
  0.33    -32768    -32768 -32768 -32768 -32768 -32768    255    255    255    255    0 2147483647
  0.35    -32768    -32768 -32768 -32768 -32768 -32768    255    255    255    255    0 2147483647
  0.37    -32768    -32768 -32768 -32768 -32768 -32768    255    255    255    255    0 2147483647
  0.39    -32768    -32768 -32768 -32768 -32768 -32768    255    255    255    255    0 2147483647
  0.41    -32768    -32768 -32768 -32768 -32768 -32768    255    255    255    255    0 2147483647
  0.43    -32768    -32768 -32768 -32768 -32768 -32768    255    255    255    255    0 2147483647
  0.45    -32768    -32768 -32768 -32768 -32768 -32768    255    255    255    255    0 2147483647
  0.47    -32768    -32768 -32768 -32768 -32768 -32768    255    255    255    255    0 2147483647
  0.49    -32768    -32768 -32768 -32768 -32768 -32768    255    255    255    255    0 2147483647
  0.51    -32768    -32768 -32768 -32768 -32768 -32768    255    255    255    255    0 2147483647
  0.53    -32768    -32768 -32768 -32768 -32768 -32768    255    255    255    255    0 2147483647
  0.55    -32768    -32768 -32768 -32768 -32768 -32768    255    255    255    255    0 2147483647
  0.57    -32768    -32768 -32768 -32768 -32768 -32768    255    255    255    255    0 2147483647
  0.59    -32768    -32768 -32768 -32768 -32768 -32768    255    255    255    255    0 2147483647
  0.61    -32768    -32768 -32768 -32768 -32768 -32768    255    255    255    255    0 2147483647
  0.63    -32768    -32768 -32768 -32768 -32768 -32768    255    255    255    255    0 2147483647
  0.65    -32768    -32768 -32768 -32768 -32768 -32768    255    255    255    255    0 2147483647
  0.67    -32768    -32768 -32768 -32768 -32768 -32768    255    255    255    255    0 2147483647
  0.69    -32768    -32768 -32768 -32768 -32768 -32768    255    255    255    255    0 2147483647
  0.71    -32768    -32768 -32768 -32768 -32768 -32768    255    255    255    255    0 2147483647
  0.73    -32768    -32768 -32768 -32768 -32768 -32768    255    255    255    255    0 2147483647
18 5 29 9 56 52 13   161      1    4.410    3.120   25.110   14.940 
27.58    29.15    -1.80     0.70     0.00     0.00     0.00     0.00     0.27     0.25     0.28     0.27 
11.23        30.48         7.73         7.71        10.92
30000.0000000 30000.0000000 -32768   -32768         0.0
0.6           0.8           0.4           0.1           1.0           0.1           1.0  0.15   0.17
30 cm BT dB 0.44  1.040
  0.15     10.70     26.18    4.7    9.6   -0.2   -6.0   62.0   63.3   68.2   73.9  100      -0.00
  0.17     45.22    119.29   39.4  -22.1   -5.0  -18.9   61.2   63.8   67.4   74.0  100       0.00
  0.19    -32768    -32768 -32768 -32768 -32768 -32768    255    255    255    255    0 2147483647
  0.21    -32768    -32768 -32768 -32768 -32768 -32768    255    255    255    255    0 2147483647
  0.23    -32768    -32768 -32768 -32768 -32768 -32768    255    255    255    255    0 2147483647
  0.25    -32768    -32768 -32768 -32768 -32768 -32768    255    255    255    255    0 2147483647
  0.27    -32768    -32768 -32768 -32768 -32768 -32768    255    255    255    255    0 2147483647
  0.29    -32768    -32768 -32768 -32768 -32768 -32768    255    255    255    255    0 2147483647
  0.31    -32768    -32768 -32768 -32768 -32768 -32768    255    255    255    255    0 2147483647
  0.33    -32768    -32768 -32768 -32768 -32768 -32768    255    255    255    255    0 2147483647
  0.35    -32768    -32768 -32768 -32768 -32768 -32768    255    255    255    255    0 2147483647
  0.37    -32768    -32768 -32768 -32768 -32768 -32768    255    255    255    255    0 2147483647
  0.39    -32768    -32768 -32768 -32768 -32768 -32768    255    255    255    255    0 2147483647
  0.41    -32768    -32768 -32768 -32768 -32768 -32768    255    255    255    255    0 2147483647
  0.43    -32768    -32768 -32768 -32768 -32768 -32768    255    255    255    255    0 2147483647
  0.45    -32768    -32768 -32768 -32768 -32768 -32768    255    255    255    255    0 2147483647
  0.47    -32768    -32768 -32768 -32768 -32768 -32768    255    255    255    255    0 2147483647
  0.49    -32768    -32768 -32768 -32768 -32768 -32768    255    255    255    255    0 2147483647
  0.51    -32768    -32768 -32768 -32768 -32768 -32768    255    255    255    255    0 2147483647
  0.53    -32768    -32768 -32768 -32768 -32768 -32768    255    255    255    255    0 2147483647
  0.55    -32768    -32768 -32768 -32768 -32768 -32768    255    255    255    255    0 2147483647
  0.57    -32768    -32768 -32768 -32768 -32768 -32768    255    255    255    255    0 2147483647
  0.59    -32768    -32768 -32768 -32768 -32768 -32768    255    255    255    255    0 2147483647
  0.61    -32768    -32768 -32768 -32768 -32768 -32768    255    255    255    255    0 2147483647
  0.63    -32768    -32768 -32768 -32768 -32768 -32768    255    255    255    255    0 2147483647
  0.65    -32768    -32768 -32768 -32768 -32768 -32768    255    255    255    255    0 2147483647
  0.67    -32768    -32768 -32768 -32768 -32768 -32768    255    255    255    255    0 2147483647
  0.69    -32768    -32768 -32768 -32768 -32768 -32768    255    255    255    255    0 2147483647
  0.71    -32768    -32768 -32768 -32768 -32768 -32768    255    255    255    255    0 2147483647
  0.73    -32768    -32768 -32768 -32768 -32768 -32768    255    255    255    255    0 2147483647
18 5 29 9 56 53 35   162      1    3.600   -1.100   29.390   14.880 
20.27    19.69    -3.10    -1.00     0.00     0.00     0.00     0.00     0.21     0.22     0.22     0.22 
11.57        31.70         7.97         7.96        11.26
30000.0000000 30000.0000000 -32768   -32768         0.0
0.6           0.8           0.4           0.1           1.0           0.1           1.0  0.00   0.00
30 cm BT dB 0.44  1.042
  0.15    -32768    -32768 -32768 -32768 -32768 -32768    255    255    255    255    0 2147483647
  0.17    -32768    -32768 -32768 -32768 -32768 -32768    255    255    255    255    0 2147483647
  0.19    -32768    -32768 -32768 -32768 -32768 -32768    255    255    255    255    0 2147483647
  0.21    -32768    -32768 -32768 -32768 -32768 -32768    255    255    255    255    0 2147483647
  0.23    -32768    -32768 -32768 -32768 -32768 -32768    255    255    255    255    0 2147483647
  0.25    -32768    -32768 -32768 -32768 -32768 -32768    255    255    255    255    0 2147483647
  0.27    -32768    -32768 -32768 -32768 -32768 -32768    255    255    255    255    0 2147483647
  0.29    -32768    -32768 -32768 -32768 -32768 -32768    255    255    255    255    0 2147483647
  0.31    -32768    -32768 -32768 -32768 -32768 -32768    255    255    255    255    0 2147483647
  0.33    -32768    -32768 -32768 -32768 -32768 -32768    255    255    255    255    0 2147483647
  0.35    -32768    -32768 -32768 -32768 -32768 -32768    255    255    255    255    0 2147483647
  0.37    -32768    -32768 -32768 -32768 -32768 -32768    255    255    255    255    0 2147483647
  0.39    -32768    -32768 -32768 -32768 -32768 -32768    255    255    255    255    0 2147483647
  0.41    -32768    -32768 -32768 -32768 -32768 -32768    255    255    255    255    0 2147483647
  0.43    -32768    -32768 -32768 -32768 -32768 -32768    255    255    255    255    0 2147483647
  0.45    -32768    -32768 -32768 -32768 -32768 -32768    255    255    255    255    0 2147483647
  0.47    -32768    -32768 -32768 -32768 -32768 -32768    255    255    255    255    0 2147483647
  0.49    -32768    -32768 -32768 -32768 -32768 -32768    255    255    255    255    0 2147483647
  0.51    -32768    -32768 -32768 -32768 -32768 -32768    255    255    255    255    0 2147483647
  0.53    -32768    -32768 -32768 -32768 -32768 -32768    255    255    255    255    0 2147483647
  0.55    -32768    -32768 -32768 -32768 -32768 -32768    255    255    255    255    0 2147483647
  0.57    -32768    -32768 -32768 -32768 -32768 -32768    255    255    255    255    0 2147483647
  0.59    -32768    -32768 -32768 -32768 -32768 -32768    255    255    255    255    0 2147483647
  0.61    -32768    -32768 -32768 -32768 -32768 -32768    255    255    255    255    0 2147483647
  0.63    -32768    -32768 -32768 -32768 -32768 -32768    255    255    255    255    0 2147483647
  0.65    -32768    -32768 -32768 -32768 -32768 -32768    255    255    255    255    0 2147483647
  0.67    -32768    -32768 -32768 -32768 -32768 -32768    255    255    255    255    0 2147483647
  0.69    -32768    -32768 -32768 -32768 -32768 -32768    255    255    255    255    0 2147483647
  0.71    -32768    -32768 -32768 -32768 -32768 -32768    255    255    255    255    0 2147483647
  0.73    -32768    -32768 -32768 -32768 -32768 -32768    255    255    255    255    0 2147483647
18 5 29 9 56 54 57   163      1   -0.640   -0.980    3.590   14.880 
11.74   -12.46    -2.90     5.40     0.00     0.00     0.00     0.00     0.20     0.18     0.23     0.18 
11.78        32.92         7.81         8.11        11.26
30000.0000000 30000.0000000 -32768   -32768         0.0
0.6           0.8           0.4           0.1           1.0           0.1           1.0  0.00   0.00
30 cm BT dB 0.44  1.042
  0.15    -32768    -32768 -32768 -32768 -32768 -32768    255    255    255    255    0 2147483647
  0.17    -32768    -32768 -32768 -32768 -32768 -32768    255    255    255    255    0 2147483647
  0.19    -32768    -32768 -32768 -32768 -32768 -32768    255    255    255    255    0 2147483647
  0.21    -32768    -32768 -32768 -32768 -32768 -32768    255    255    255    255    0 2147483647
  0.23    -32768    -32768 -32768 -32768 -32768 -32768    255    255    255    255    0 2147483647
  0.25    -32768    -32768 -32768 -32768 -32768 -32768    255    255    255    255    0 2147483647
  0.27    -32768    -32768 -32768 -32768 -32768 -32768    255    255    255    255    0 2147483647
  0.29    -32768    -32768 -32768 -32768 -32768 -32768    255    255    255    255    0 2147483647
  0.31    -32768    -32768 -32768 -32768 -32768 -32768    255    255    255    255    0 2147483647
  0.33    -32768    -32768 -32768 -32768 -32768 -32768    255    255    255    255    0 2147483647
  0.35    -32768    -32768 -32768 -32768 -32768 -32768    255    255    255    255    0 2147483647
  0.37    -32768    -32768 -32768 -32768 -32768 -32768    255    255    255    255    0 2147483647
  0.39    -32768    -32768 -32768 -32768 -32768 -32768    255    255    255    255    0 2147483647
  0.41    -32768    -32768 -32768 -32768 -32768 -32768    255    255    255    255    0 2147483647
  0.43    -32768    -32768 -32768 -32768 -32768 -32768    255    255    255    255    0 2147483647
  0.45    -32768    -32768 -32768 -32768 -32768 -32768    255    255    255    255    0 2147483647
  0.47    -32768    -32768 -32768 -32768 -32768 -32768    255    255    255    255    0 2147483647
  0.49    -32768    -32768 -32768 -32768 -32768 -32768    255    255    255    255    0 2147483647
  0.51    -32768    -32768 -32768 -32768 -32768 -32768    255    255    255    255    0 2147483647
  0.53    -32768    -32768 -32768 -32768 -32768 -32768    255    255    255    255    0 2147483647
  0.55    -32768    -32768 -32768 -32768 -32768 -32768    255    255    255    255    0 2147483647
  0.57    -32768    -32768 -32768 -32768 -32768 -32768    255    255    255    255    0 2147483647
  0.59    -32768    -32768 -32768 -32768 -32768 -32768    255    255    255    255    0 2147483647
  0.61    -32768    -32768 -32768 -32768 -32768 -32768    255    255    255    255    0 2147483647
  0.63    -32768    -32768 -32768 -32768 -32768 -32768    255    255    255    255    0 2147483647
  0.65    -32768    -32768 -32768 -32768 -32768 -32768    255    255    255    255    0 2147483647
  0.67    -32768    -32768 -32768 -32768 -32768 -32768    255    255    255    255    0 2147483647
  0.69    -32768    -32768 -32768 -32768 -32768 -32768    255    255    255    255    0 2147483647
  0.71    -32768    -32768 -32768 -32768 -32768 -32768    255    255    255    255    0 2147483647
  0.73    -32768    -32768 -32768 -32768 -32768 -32768    255    255    255    255    0 2147483647
