

     2      5      4     30      6      1     12 
18 5 29 9 55 47 27   106      1    5.400    2.530  332.220   15.000 
-15.33    10.01    -1.80     0.50     0.00     0.00     0.00     0.00     0.25     0.20     0.21     0.23 
0.00         0.00         0.00         0.00         0.00
30000.0000000 30000.0000000 -32768   -32768         0.0
0.0           0.0           0.0           0.0           1.0           0.0           1.0  0.00   0.00
30 cm BT dB 0.44  1.038
  0.15    -32768    -32768 -32768 -32768 -32768 -32768    255    255    255    255    0 2147483647
  0.17    -32768    -32768 -32768 -32768 -32768 -32768    255    255    255    255    0 2147483647
  0.19    -32768    -32768 -32768 -32768 -32768 -32768    255    255    255    255    0 2147483647
  0.21    -32768    -32768 -32768 -32768 -32768 -32768    255    255    255    255    0 2147483647
  0.23    -32768    -32768 -32768 -32768 -32768 -32768    255    255    255    255    0 2147483647
  0.25    -32768    -32768 -32768 -32768 -32768 -32768    255    255    255    255    0 2147483647
  0.27    -32768    -32768 -32768 -32768 -32768 -32768    255    255    255    255    0 2147483647
  0.29    -32768    -32768 -32768 -32768 -32768 -32768    255    255    255    255    0 2147483647
  0.31    -32768    -32768 -32768 -32768 -32768 -32768    255    255    255    255    0 2147483647
  0.33    -32768    -32768 -32768 -32768 -32768 -32768    255    255    255    255    0 2147483647
  0.35    -32768    -32768 -32768 -32768 -32768 -32768    255    255    255    255    0 2147483647
  0.37    -32768    -32768 -32768 -32768 -32768 -32768    255    255    255    255    0 2147483647
  0.39    -32768    -32768 -32768 -32768 -32768 -32768    255    255    255    255    0 2147483647
  0.41    -32768    -32768 -32768 -32768 -32768 -32768    255    255    255    255    0 2147483647
  0.43    -32768    -32768 -32768 -32768 -32768 -32768    255    255    255    255    0 2147483647
  0.45    -32768    -32768 -32768 -32768 -32768 -32768    255    255    255    255    0 2147483647
  0.47    -32768    -32768 -32768 -32768 -32768 -32768    255    255    255    255    0 2147483647
  0.49    -32768    -32768 -32768 -32768 -32768 -32768    255    255    255    255    0 2147483647
  0.51    -32768    -32768 -32768 -32768 -32768 -32768    255    255    255    255    0 2147483647
  0.53    -32768    -32768 -32768 -32768 -32768 -32768    255    255    255    255    0 2147483647
  0.55    -32768    -32768 -32768 -32768 -32768 -32768    255    255    255    255    0 2147483647
  0.57    -32768    -32768 -32768 -32768 -32768 -32768    255    255    255    255    0 2147483647
  0.59    -32768    -32768 -32768 -32768 -32768 -32768    255    255    255    255    0 2147483647
  0.61    -32768    -32768 -32768 -32768 -32768 -32768    255    255    255    255    0 2147483647
  0.63    -32768    -32768 -32768 -32768 -32768 -32768    255    255    255    255    0 2147483647
  0.65    -32768    -32768 -32768 -32768 -32768 -32768    255    255    255    255    0 2147483647
  0.67    -32768    -32768 -32768 -32768 -32768 -32768    255    255    255    255    0 2147483647
  0.69    -32768    -32768 -32768 -32768 -32768 -32768    255    255    255    255    0 2147483647
  0.71    -32768    -32768 -32768 -32768 -32768 -32768    255    255    255    255    0 2147483647
  0.73    -32768    -32768 -32768 -32768 -32768 -32768    255    255    255    255    0 2147483647
18 5 29 9 55 48 49   107      1    3.810    1.300  334.380   15.000 
-10.21    -6.00     0.10    -0.00     0.00     0.00     0.00     0.00     0.27     0.20     0.19     0.23 
0.14         1.22        -0.07        -0.12         0.14
30000.0000000 30000.0000000 -32768   -32768         0.0
0.0           0.0           0.0           0.0           1.0           0.0           1.0  0.00   0.00
30 cm BT dB 0.44  1.038
  0.15    -32768    -32768 -32768 -32768 -32768 -32768    255    255    255    255    0 2147483647
  0.17    -32768    -32768 -32768 -32768 -32768 -32768    255    255    255    255    0 2147483647
  0.19    -32768    -32768 -32768 -32768 -32768 -32768    255    255    255    255    0 2147483647
  0.21    -32768    -32768 -32768 -32768 -32768 -32768    255    255    255    255    0 2147483647
  0.23    -32768    -32768 -32768 -32768 -32768 -32768    255    255    255    255    0 2147483647
  0.25    -32768    -32768 -32768 -32768 -32768 -32768    255    255    255    255    0 2147483647
  0.27    -32768    -32768 -32768 -32768 -32768 -32768    255    255    255    255    0 2147483647
  0.29    -32768    -32768 -32768 -32768 -32768 -32768    255    255    255    255    0 2147483647
  0.31    -32768    -32768 -32768 -32768 -32768 -32768    255    255    255    255    0 2147483647
  0.33    -32768    -32768 -32768 -32768 -32768 -32768    255    255    255    255    0 2147483647
  0.35    -32768    -32768 -32768 -32768 -32768 -32768    255    255    255    255    0 2147483647
  0.37    -32768    -32768 -32768 -32768 -32768 -32768    255    255    255    255    0 2147483647
  0.39    -32768    -32768 -32768 -32768 -32768 -32768    255    255    255    255    0 2147483647
  0.41    -32768    -32768 -32768 -32768 -32768 -32768    255    255    255    255    0 2147483647
  0.43    -32768    -32768 -32768 -32768 -32768 -32768    255    255    255    255    0 2147483647
  0.45    -32768    -32768 -32768 -32768 -32768 -32768    255    255    255    255    0 2147483647
  0.47    -32768    -32768 -32768 -32768 -32768 -32768    255    255    255    255    0 2147483647
  0.49    -32768    -32768 -32768 -32768 -32768 -32768    255    255    255    255    0 2147483647
  0.51    -32768    -32768 -32768 -32768 -32768 -32768    255    255    255    255    0 2147483647
  0.53    -32768    -32768 -32768 -32768 -32768 -32768    255    255    255    255    0 2147483647
  0.55    -32768    -32768 -32768 -32768 -32768 -32768    255    255    255    255    0 2147483647
  0.57    -32768    -32768 -32768 -32768 -32768 -32768    255    255    255    255    0 2147483647
  0.59    -32768    -32768 -32768 -32768 -32768 -32768    255    255    255    255    0 2147483647
  0.61    -32768    -32768 -32768 -32768 -32768 -32768    255    255    255    255    0 2147483647
  0.63    -32768    -32768 -32768 -32768 -32768 -32768    255    255    255    255    0 2147483647
  0.65    -32768    -32768 -32768 -32768 -32768 -32768    255    255    255    255    0 2147483647
  0.67    -32768    -32768 -32768 -32768 -32768 -32768    255    255    255    255    0 2147483647
  0.69    -32768    -32768 -32768 -32768 -32768 -32768    255    255    255    255    0 2147483647
  0.71    -32768    -32768 -32768 -32768 -32768 -32768    255    255    255    255    0 2147483647
  0.73    -32768    -32768 -32768 -32768 -32768 -32768    255    255    255    255    0 2147483647
18 5 29 9 55 49 71   108      1    1.830    5.900  304.950   15.000 
-15.64   -37.75     2.40     5.40     0.00     0.00     0.00     0.00     0.30     0.23     0.27     0.25 
0.64         2.44        -0.53        -0.32         0.62
30000.0000000 30000.0000000 -32768   -32768         0.0
0.0           0.1           0.0          -0.0           1.0          -0.0           1.0  0.15   0.15
30 cm BT dB 0.44  1.038
  0.15     59.22    102.41   57.8  -12.7    1.3  -17.5   63.8   61.6   70.4   71.7  100       0.01
  0.17    -32768    -32768 -32768 -32768 -32768 -32768    255    255    255    255    0 2147483647
  0.19    -32768    -32768 -32768 -32768 -32768 -32768    255    255    255    255    0 2147483647
  0.21    -32768    -32768 -32768 -32768 -32768 -32768    255    255    255    255    0 2147483647
  0.23    -32768    -32768 -32768 -32768 -32768 -32768    255    255    255    255    0 2147483647
  0.25    -32768    -32768 -32768 -32768 -32768 -32768    255    255    255    255    0 2147483647
  0.27    -32768    -32768 -32768 -32768 -32768 -32768    255    255    255    255    0 2147483647
  0.29    -32768    -32768 -32768 -32768 -32768 -32768    255    255    255    255    0 2147483647
  0.31    -32768    -32768 -32768 -32768 -32768 -32768    255    255    255    255    0 2147483647
  0.33    -32768    -32768 -32768 -32768 -32768 -32768    255    255    255    255    0 2147483647
  0.35    -32768    -32768 -32768 -32768 -32768 -32768    255    255    255    255    0 2147483647
  0.37    -32768    -32768 -32768 -32768 -32768 -32768    255    255    255    255    0 2147483647
  0.39    -32768    -32768 -32768 -32768 -32768 -32768    255    255    255    255    0 2147483647
  0.41    -32768    -32768 -32768 -32768 -32768 -32768    255    255    255    255    0 2147483647
  0.43    -32768    -32768 -32768 -32768 -32768 -32768    255    255    255    255    0 2147483647
  0.45    -32768    -32768 -32768 -32768 -32768 -32768    255    255    255    255    0 2147483647
  0.47    -32768    -32768 -32768 -32768 -32768 -32768    255    255    255    255    0 2147483647
  0.49    -32768    -32768 -32768 -32768 -32768 -32768    255    255    255    255    0 2147483647
  0.51    -32768    -32768 -32768 -32768 -32768 -32768    255    255    255    255    0 2147483647
  0.53    -32768    -32768 -32768 -32768 -32768 -32768    255    255    255    255    0 2147483647
  0.55    -32768    -32768 -32768 -32768 -32768 -32768    255    255    255    255    0 2147483647
  0.57    -32768    -32768 -32768 -32768 -32768 -32768    255    255    255    255    0 2147483647
  0.59    -32768    -32768 -32768 -32768 -32768 -32768    255    255    255    255    0 2147483647
  0.61    -32768    -32768 -32768 -32768 -32768 -32768    255    255    255    255    0 2147483647
  0.63    -32768    -32768 -32768 -32768 -32768 -32768    255    255    255    255    0 2147483647
  0.65    -32768    -32768 -32768 -32768 -32768 -32768    255    255    255    255    0 2147483647
  0.67    -32768    -32768 -32768 -32768 -32768 -32768    255    255    255    255    0 2147483647
  0.69    -32768    -32768 -32768 -32768 -32768 -32768    255    255    255    255    0 2147483647
  0.71    -32768    -32768 -32768 -32768 -32768 -32768    255    255    255    255    0 2147483647
  0.73    -32768    -32768 -32768 -32768 -32768 -32768    255    255    255    255    0 2147483647
18 5 29 9 55 50 89   109      1    5.900    0.280  300.780   15.000 
-19.26   -32.53    -3.80     7.20     0.00     0.00     0.00     0.00     0.29     0.27     0.28     0.23 
1.09         3.62        -0.92        -0.54         1.07
30000.0000000 30000.0000000 -32768   -32768         0.0
0.0           0.1           0.1          -0.0           1.0          -0.0           1.0  0.15   0.15
30 cm BT dB 0.44  1.038
  0.15     37.13     90.00   37.1   -0.0    2.7   34.3   65.1   65.1   70.4   74.8  100       0.00
  0.17    -32768    -32768 -32768 -32768 -32768 -32768    255    255    255    255    0 2147483647
  0.19    -32768    -32768 -32768 -32768 -32768 -32768    255    255    255    255    0 2147483647
  0.21    -32768    -32768 -32768 -32768 -32768 -32768    255    255    255    255    0 2147483647
  0.23    -32768    -32768 -32768 -32768 -32768 -32768    255    255    255    255    0 2147483647
  0.25    -32768    -32768 -32768 -32768 -32768 -32768    255    255    255    255    0 2147483647
  0.27    -32768    -32768 -32768 -32768 -32768 -32768    255    255    255    255    0 2147483647
  0.29    -32768    -32768 -32768 -32768 -32768 -32768    255    255    255    255    0 2147483647
  0.31    -32768    -32768 -32768 -32768 -32768 -32768    255    255    255    255    0 2147483647
  0.33    -32768    -32768 -32768 -32768 -32768 -32768    255    255    255    255    0 2147483647
  0.35    -32768    -32768 -32768 -32768 -32768 -32768    255    255    255    255    0 2147483647
  0.37    -32768    -32768 -32768 -32768 -32768 -32768    255    255    255    255    0 2147483647
  0.39    -32768    -32768 -32768 -32768 -32768 -32768    255    255    255    255    0 2147483647
  0.41    -32768    -32768 -32768 -32768 -32768 -32768    255    255    255    255    0 2147483647
  0.43    -32768    -32768 -32768 -32768 -32768 -32768    255    255    255    255    0 2147483647
  0.45    -32768    -32768 -32768 -32768 -32768 -32768    255    255    255    255    0 2147483647
  0.47    -32768    -32768 -32768 -32768 -32768 -32768    255    255    255    255    0 2147483647
  0.49    -32768    -32768 -32768 -32768 -32768 -32768    255    255    255    255    0 2147483647
  0.51    -32768    -32768 -32768 -32768 -32768 -32768    255    255    255    255    0 2147483647
  0.53    -32768    -32768 -32768 -32768 -32768 -32768    255    255    255    255    0 2147483647
  0.55    -32768    -32768 -32768 -32768 -32768 -32768    255    255    255    255    0 2147483647
  0.57    -32768    -32768 -32768 -32768 -32768 -32768    255    255    255    255    0 2147483647
  0.59    -32768    -32768 -32768 -32768 -32768 -32768    255    255    255    255    0 2147483647
  0.61    -32768    -32768 -32768 -32768 -32768 -32768    255    255    255    255    0 2147483647
  0.63    -32768    -32768 -32768 -32768 -32768 -32768    255    255    255    255    0 2147483647
  0.65    -32768    -32768 -32768 -32768 -32768 -32768    255    255    255    255    0 2147483647
  0.67    -32768    -32768 -32768 -32768 -32768 -32768    255    255    255    255    0 2147483647
  0.69    -32768    -32768 -32768 -32768 -32768 -32768    255    255    255    255    0 2147483647
  0.71    -32768    -32768 -32768 -32768 -32768 -32768    255    255    255    255    0 2147483647
  0.73    -32768    -32768 -32768 -32768 -32768 -32768    255    255    255    255    0 2147483647
18 5 29 9 55 52 10   110      1    4.720   -1.600  300.910   15.000 
-32768  -32768  -32768  -32768     0.00     0.00     0.00     0.00     0.25     0.28     0.27     0.28 
1.09         4.83        -0.92        -0.54         1.07
30000.0000000 30000.0000000 -32768   -32768         0.0
0.0           0.1           0.1          -0.0           1.0          -0.0           1.0  0.00   0.00
30 cm BT dB 0.44  1.038
  0.15    -32768    -32768 -32768 -32768 -32768   12.9   63.8   65.5   71.7   73.9  100 2147483647
  0.17    -32768    -32768 -32768 -32768 -32768  -18.5   66.0   64.7   71.8   76.2  100 2147483647
  0.19    -32768    -32768 -32768 -32768 -32768 -32768    255    255    255    255    0 2147483647
  0.21    -32768    -32768 -32768 -32768 -32768 -32768    255    255    255    255    0 2147483647
  0.23    -32768    -32768 -32768 -32768 -32768 -32768    255    255    255    255    0 2147483647
  0.25    -32768    -32768 -32768 -32768 -32768 -32768    255    255    255    255    0 2147483647
  0.27    -32768    -32768 -32768 -32768 -32768 -32768    255    255    255    255    0 2147483647
  0.29    -32768    -32768 -32768 -32768 -32768 -32768    255    255    255    255    0 2147483647
  0.31    -32768    -32768 -32768 -32768 -32768 -32768    255    255    255    255    0 2147483647
  0.33    -32768    -32768 -32768 -32768 -32768 -32768    255    255    255    255    0 2147483647
  0.35    -32768    -32768 -32768 -32768 -32768 -32768    255    255    255    255    0 2147483647
  0.37    -32768    -32768 -32768 -32768 -32768 -32768    255    255    255    255    0 2147483647
  0.39    -32768    -32768 -32768 -32768 -32768 -32768    255    255    255    255    0 2147483647
  0.41    -32768    -32768 -32768 -32768 -32768 -32768    255    255    255    255    0 2147483647
  0.43    -32768    -32768 -32768 -32768 -32768 -32768    255    255    255    255    0 2147483647
  0.45    -32768    -32768 -32768 -32768 -32768 -32768    255    255    255    255    0 2147483647
  0.47    -32768    -32768 -32768 -32768 -32768 -32768    255    255    255    255    0 2147483647
  0.49    -32768    -32768 -32768 -32768 -32768 -32768    255    255    255    255    0 2147483647
  0.51    -32768    -32768 -32768 -32768 -32768 -32768    255    255    255    255    0 2147483647
  0.53    -32768    -32768 -32768 -32768 -32768 -32768    255    255    255    255    0 2147483647
  0.55    -32768    -32768 -32768 -32768 -32768 -32768    255    255    255    255    0 2147483647
  0.57    -32768    -32768 -32768 -32768 -32768 -32768    255    255    255    255    0 2147483647
  0.59    -32768    -32768 -32768 -32768 -32768 -32768    255    255    255    255    0 2147483647
  0.61    -32768    -32768 -32768 -32768 -32768 -32768    255    255    255    255    0 2147483647
  0.63    -32768    -32768 -32768 -32768 -32768 -32768    255    255    255    255    0 2147483647
  0.65    -32768    -32768 -32768 -32768 -32768 -32768    255    255    255    255    0 2147483647
  0.67    -32768    -32768 -32768 -32768 -32768 -32768    255    255    255    255    0 2147483647
  0.69    -32768    -32768 -32768 -32768 -32768 -32768    255    255    255    255    0 2147483647
  0.71    -32768    -32768 -32768 -32768 -32768 -32768    255    255    255    255    0 2147483647
  0.73    -32768    -32768 -32768 -32768 -32768 -32768    255    255    255    255    0 2147483647
18 5 29 9 55 53 32   111      1    0.660    0.670  306.060   15.000 
-12.58   -24.24    -3.30     8.70     0.00     0.00     0.00     0.00     0.28     0.30     0.29     0.28 
1.75         6.05        -1.51        -0.85         1.73
30000.0000000 30000.0000000 -32768   -32768         0.0
0.0           0.2           0.1          -0.0           1.0          -0.0           1.0  0.15   0.19
30 cm BT dB 0.44  1.038
  0.15     43.60    116.55   39.0  -19.5    3.7   -3.4   63.8   67.7   71.7   77.9  100       0.01
  0.17     72.75     92.33   72.7   -3.0  -12.3    4.8   65.6   67.3   74.0   77.5  100       0.01
  0.19     32.67    143.33   19.5  -26.2   -5.5    1.8   64.7   65.6   70.9   77.1  100       0.00
  0.21    -32768    -32768 -32768 -32768 -32768 -32768    255    255    255    255    0 2147483647
  0.23    -32768    -32768 -32768 -32768 -32768 -32768    255    255    255    255    0 2147483647
  0.25    -32768    -32768 -32768 -32768 -32768 -32768    255    255    255    255    0 2147483647
  0.27    -32768    -32768 -32768 -32768 -32768 -32768    255    255    255    255    0 2147483647
  0.29    -32768    -32768 -32768 -32768 -32768 -32768    255    255    255    255    0 2147483647
  0.31    -32768    -32768 -32768 -32768 -32768 -32768    255    255    255    255    0 2147483647
  0.33    -32768    -32768 -32768 -32768 -32768 -32768    255    255    255    255    0 2147483647
  0.35    -32768    -32768 -32768 -32768 -32768 -32768    255    255    255    255    0 2147483647
  0.37    -32768    -32768 -32768 -32768 -32768 -32768    255    255    255    255    0 2147483647
  0.39    -32768    -32768 -32768 -32768 -32768 -32768    255    255    255    255    0 2147483647
  0.41    -32768    -32768 -32768 -32768 -32768 -32768    255    255    255    255    0 2147483647
  0.43    -32768    -32768 -32768 -32768 -32768 -32768    255    255    255    255    0 2147483647
  0.45    -32768    -32768 -32768 -32768 -32768 -32768    255    255    255    255    0 2147483647
  0.47    -32768    -32768 -32768 -32768 -32768 -32768    255    255    255    255    0 2147483647
  0.49    -32768    -32768 -32768 -32768 -32768 -32768    255    255    255    255    0 2147483647
  0.51    -32768    -32768 -32768 -32768 -32768 -32768    255    255    255    255    0 2147483647
  0.53    -32768    -32768 -32768 -32768 -32768 -32768    255    255    255    255    0 2147483647
  0.55    -32768    -32768 -32768 -32768 -32768 -32768    255    255    255    255    0 2147483647
  0.57    -32768    -32768 -32768 -32768 -32768 -32768    255    255    255    255    0 2147483647
  0.59    -32768    -32768 -32768 -32768 -32768 -32768    255    255    255    255    0 2147483647
  0.61    -32768    -32768 -32768 -32768 -32768 -32768    255    255    255    255    0 2147483647
  0.63    -32768    -32768 -32768 -32768 -32768 -32768    255    255    255    255    0 2147483647
  0.65    -32768    -32768 -32768 -32768 -32768 -32768    255    255    255    255    0 2147483647
  0.67    -32768    -32768 -32768 -32768 -32768 -32768    255    255    255    255    0 2147483647
  0.69    -32768    -32768 -32768 -32768 -32768 -32768    255    255    255    255    0 2147483647
  0.71    -32768    -32768 -32768 -32768 -32768 -32768    255    255    255    255    0 2147483647
  0.73    -32768    -32768 -32768 -32768 -32768 -32768    255    255    255    255    0 2147483647
18 5 29 9 55 54 53   112      1    4.810   -1.280  318.750   15.000 
-21.53   -33.38    -4.00    -4.50     0.00     0.00     0.00     0.00     0.30     0.23     0.27     0.30 
2.23         7.26        -1.91        -1.11         2.21
30000.0000000 30000.0000000 -32768   -32768         0.0
0.0           0.2           0.1          -0.0           1.0          -0.0           1.0  0.15   0.15
30 cm BT dB 0.44  1.038
  0.15     71.68    110.43   67.2  -25.0   -3.8    5.0   66.4   66.9   73.0   77.9  100       0.01
  0.17    -32768    -32768 -32768 -32768 -32768 -32768    255    255    255    255    0 2147483647
  0.19    -32768    -32768 -32768 -32768 -32768 -32768    255    255    255    255    0 2147483647
  0.21    -32768    -32768 -32768 -32768 -32768 -32768    255    255    255    255    0 2147483647
  0.23    -32768    -32768 -32768 -32768 -32768 -32768    255    255    255    255    0 2147483647
  0.25    -32768    -32768 -32768 -32768 -32768 -32768    255    255    255    255    0 2147483647
  0.27    -32768    -32768 -32768 -32768 -32768 -32768    255    255    255    255    0 2147483647
  0.29    -32768    -32768 -32768 -32768 -32768 -32768    255    255    255    255    0 2147483647
  0.31    -32768    -32768 -32768 -32768 -32768 -32768    255    255    255    255    0 2147483647
  0.33    -32768    -32768 -32768 -32768 -32768 -32768    255    255    255    255    0 2147483647
  0.35    -32768    -32768 -32768 -32768 -32768 -32768    255    255    255    255    0 2147483647
  0.37    -32768    -32768 -32768 -32768 -32768 -32768    255    255    255    255    0 2147483647
  0.39    -32768    -32768 -32768 -32768 -32768 -32768    255    255    255    255    0 2147483647
  0.41    -32768    -32768 -32768 -32768 -32768 -32768    255    255    255    255    0 2147483647
  0.43    -32768    -32768 -32768 -32768 -32768 -32768    255    255    255    255    0 2147483647
  0.45    -32768    -32768 -32768 -32768 -32768 -32768    255    255    255    255    0 2147483647
  0.47    -32768    -32768 -32768 -32768 -32768 -32768    255    255    255    255    0 2147483647
  0.49    -32768    -32768 -32768 -32768 -32768 -32768    255    255    255    255    0 2147483647
  0.51    -32768    -32768 -32768 -32768 -32768 -32768    255    255    255    255    0 2147483647
  0.53    -32768    -32768 -32768 -32768 -32768 -32768    255    255    255    255    0 2147483647
  0.55    -32768    -32768 -32768 -32768 -32768 -32768    255    255    255    255    0 2147483647
  0.57    -32768    -32768 -32768 -32768 -32768 -32768    255    255    255    255    0 2147483647
  0.59    -32768    -32768 -32768 -32768 -32768 -32768    255    255    255    255    0 2147483647
  0.61    -32768    -32768 -32768 -32768 -32768 -32768    255    255    255    255    0 2147483647
  0.63    -32768    -32768 -32768 -32768 -32768 -32768    255    255    255    255    0 2147483647
  0.65    -32768    -32768 -32768 -32768 -32768 -32768    255    255    255    255    0 2147483647
  0.67    -32768    -32768 -32768 -32768 -32768 -32768    255    255    255    255    0 2147483647
  0.69    -32768    -32768 -32768 -32768 -32768 -32768    255    255    255    255    0 2147483647
  0.71    -32768    -32768 -32768 -32768 -32768 -32768    255    255    255    255    0 2147483647
  0.73    -32768    -32768 -32768 -32768 -32768 -32768    255    255    255    255    0 2147483647
18 5 29 9 55 55 75   113      1    3.900    1.170  313.100   15.000 
-21.59   -29.51    -2.40     1.40     0.00     0.00     0.00     0.00     0.29     0.28     0.25     0.28 
2.68         8.48        -2.27        -1.37         2.65
30000.0000000 30000.0000000 -32768   -32768         0.0
0.0           0.2           0.1          -0.0           1.0          -0.0           1.0  0.15   0.17
30 cm BT dB 0.44  1.038
  0.15     49.92    177.61    2.1  -49.9  -13.1   -3.5   68.6   67.7   73.0   78.8  100       0.00
  0.17     35.59    139.07   23.3  -26.9   -1.5   -9.3   68.7   66.5   74.4   79.3  100       0.00
  0.19    -32768    -32768 -32768 -32768 -32768 -32768    255    255    255    255    0 2147483647
  0.21    -32768    -32768 -32768 -32768 -32768 -32768    255    255    255    255    0 2147483647
  0.23    -32768    -32768 -32768 -32768 -32768 -32768    255    255    255    255    0 2147483647
  0.25    -32768    -32768 -32768 -32768 -32768 -32768    255    255    255    255    0 2147483647
  0.27    -32768    -32768 -32768 -32768 -32768 -32768    255    255    255    255    0 2147483647
  0.29    -32768    -32768 -32768 -32768 -32768 -32768    255    255    255    255    0 2147483647
  0.31    -32768    -32768 -32768 -32768 -32768 -32768    255    255    255    255    0 2147483647
  0.33    -32768    -32768 -32768 -32768 -32768 -32768    255    255    255    255    0 2147483647
  0.35    -32768    -32768 -32768 -32768 -32768 -32768    255    255    255    255    0 2147483647
  0.37    -32768    -32768 -32768 -32768 -32768 -32768    255    255    255    255    0 2147483647
  0.39    -32768    -32768 -32768 -32768 -32768 -32768    255    255    255    255    0 2147483647
  0.41    -32768    -32768 -32768 -32768 -32768 -32768    255    255    255    255    0 2147483647
  0.43    -32768    -32768 -32768 -32768 -32768 -32768    255    255    255    255    0 2147483647
  0.45    -32768    -32768 -32768 -32768 -32768 -32768    255    255    255    255    0 2147483647
  0.47    -32768    -32768 -32768 -32768 -32768 -32768    255    255    255    255    0 2147483647
  0.49    -32768    -32768 -32768 -32768 -32768 -32768    255    255    255    255    0 2147483647
  0.51    -32768    -32768 -32768 -32768 -32768 -32768    255    255    255    255    0 2147483647
  0.53    -32768    -32768 -32768 -32768 -32768 -32768    255    255    255    255    0 2147483647
  0.55    -32768    -32768 -32768 -32768 -32768 -32768    255    255    255    255    0 2147483647
  0.57    -32768    -32768 -32768 -32768 -32768 -32768    255    255    255    255    0 2147483647
  0.59    -32768    -32768 -32768 -32768 -32768 -32768    255    255    255    255    0 2147483647
  0.61    -32768    -32768 -32768 -32768 -32768 -32768    255    255    255    255    0 2147483647
  0.63    -32768    -32768 -32768 -32768 -32768 -32768    255    255    255    255    0 2147483647
  0.65    -32768    -32768 -32768 -32768 -32768 -32768    255    255    255    255    0 2147483647
  0.67    -32768    -32768 -32768 -32768 -32768 -32768    255    255    255    255    0 2147483647
  0.69    -32768    -32768 -32768 -32768 -32768 -32768    255    255    255    255    0 2147483647
  0.71    -32768    -32768 -32768 -32768 -32768 -32768    255    255    255    255    0 2147483647
  0.73    -32768    -32768 -32768 -32768 -32768 -32768    255    255    255    255    0 2147483647
18 5 29 9 55 56 93   114      1    2.440   -2.100  308.370   15.000 
0.63   -32.39    -4.00    -7.90     0.00     0.00     0.00     0.00     0.32     0.30     0.31     0.26 
3.06         9.66        -2.65        -1.36         2.98
30000.0000000 30000.0000000 -32768   -32768         0.0
0.1           0.3           0.2          -0.0           1.0          -0.0           1.0  0.15   0.17
30 cm BT dB 0.44  1.038
  0.15     89.43    131.51   67.0  -59.3   -2.5    6.8   67.7   71.3   73.0   80.1  100       0.01
  0.17     85.02    119.92   73.7  -42.4   -8.4   -0.1   66.5   67.3   73.5   79.3  100       0.01
  0.19    -32768    -32768 -32768 -32768 -32768 -32768    255    255    255    255    0 2147483647
  0.21    -32768    -32768 -32768 -32768 -32768 -32768    255    255    255    255    0 2147483647
  0.23    -32768    -32768 -32768 -32768 -32768 -32768    255    255    255    255    0 2147483647
  0.25    -32768    -32768 -32768 -32768 -32768 -32768    255    255    255    255    0 2147483647
  0.27    -32768    -32768 -32768 -32768 -32768 -32768    255    255    255    255    0 2147483647
  0.29    -32768    -32768 -32768 -32768 -32768 -32768    255    255    255    255    0 2147483647
  0.31    -32768    -32768 -32768 -32768 -32768 -32768    255    255    255    255    0 2147483647
  0.33    -32768    -32768 -32768 -32768 -32768 -32768    255    255    255    255    0 2147483647
  0.35    -32768    -32768 -32768 -32768 -32768 -32768    255    255    255    255    0 2147483647
  0.37    -32768    -32768 -32768 -32768 -32768 -32768    255    255    255    255    0 2147483647
  0.39    -32768    -32768 -32768 -32768 -32768 -32768    255    255    255    255    0 2147483647
  0.41    -32768    -32768 -32768 -32768 -32768 -32768    255    255    255    255    0 2147483647
  0.43    -32768    -32768 -32768 -32768 -32768 -32768    255    255    255    255    0 2147483647
  0.45    -32768    -32768 -32768 -32768 -32768 -32768    255    255    255    255    0 2147483647
  0.47    -32768    -32768 -32768 -32768 -32768 -32768    255    255    255    255    0 2147483647
  0.49    -32768    -32768 -32768 -32768 -32768 -32768    255    255    255    255    0 2147483647
  0.51    -32768    -32768 -32768 -32768 -32768 -32768    255    255    255    255    0 2147483647
  0.53    -32768    -32768 -32768 -32768 -32768 -32768    255    255    255    255    0 2147483647
  0.55    -32768    -32768 -32768 -32768 -32768 -32768    255    255    255    255    0 2147483647
  0.57    -32768    -32768 -32768 -32768 -32768 -32768    255    255    255    255    0 2147483647
  0.59    -32768    -32768 -32768 -32768 -32768 -32768    255    255    255    255    0 2147483647
  0.61    -32768    -32768 -32768 -32768 -32768 -32768    255    255    255    255    0 2147483647
  0.63    -32768    -32768 -32768 -32768 -32768 -32768    255    255    255    255    0 2147483647
  0.65    -32768    -32768 -32768 -32768 -32768 -32768    255    255    255    255    0 2147483647
  0.67    -32768    -32768 -32768 -32768 -32768 -32768    255    255    255    255    0 2147483647
  0.69    -32768    -32768 -32768 -32768 -32768 -32768    255    255    255    255    0 2147483647
  0.71    -32768    -32768 -32768 -32768 -32768 -32768    255    255    255    255    0 2147483647
  0.73    -32768    -32768 -32768 -32768 -32768 -32768    255    255    255    255    0 2147483647
18 5 29 9 55 58 12   115      1    2.090    2.440  326.180   15.000 
-32768  -32768  -32768  -32768     0.00     0.00     0.00     0.00     0.00     0.30     0.34     0.34 
3.06        10.85        -2.65        -1.36         2.98
30000.0000000 30000.0000000 -32768   -32768         0.0
0.1           0.3           0.2          -0.0           1.0          -0.0           1.0  0.00   0.00
30 cm BT dB 0.44  1.038
  0.15    -32768    -32768 -32768 -32768 -32768   11.6   70.4   67.3   72.6   78.3  100 2147483647
  0.17    -32768    -32768 -32768 -32768 -32768  -18.0   66.9   68.2   71.8   78.4  100 2147483647
  0.19    -32768    -32768 -32768 -32768 -32768   39.0   67.8   67.4   73.1   79.3  100 2147483647
  0.21    -32768    -32768 -32768 -32768 -32768   31.9   66.5   67.4   71.4   75.8  100 2147483647
  0.23    -32768    -32768 -32768 -32768 -32768 -32768    255    255    255    255    0 2147483647
  0.25    -32768    -32768 -32768 -32768 -32768 -32768    255    255    255    255    0 2147483647
  0.27    -32768    -32768 -32768 -32768 -32768 -32768    255    255    255    255    0 2147483647
  0.29    -32768    -32768 -32768 -32768 -32768 -32768    255    255    255    255    0 2147483647
  0.31    -32768    -32768 -32768 -32768 -32768 -32768    255    255    255    255    0 2147483647
  0.33    -32768    -32768 -32768 -32768 -32768 -32768    255    255    255    255    0 2147483647
  0.35    -32768    -32768 -32768 -32768 -32768 -32768    255    255    255    255    0 2147483647
  0.37    -32768    -32768 -32768 -32768 -32768 -32768    255    255    255    255    0 2147483647
  0.39    -32768    -32768 -32768 -32768 -32768 -32768    255    255    255    255    0 2147483647
  0.41    -32768    -32768 -32768 -32768 -32768 -32768    255    255    255    255    0 2147483647
  0.43    -32768    -32768 -32768 -32768 -32768 -32768    255    255    255    255    0 2147483647
  0.45    -32768    -32768 -32768 -32768 -32768 -32768    255    255    255    255    0 2147483647
  0.47    -32768    -32768 -32768 -32768 -32768 -32768    255    255    255    255    0 2147483647
  0.49    -32768    -32768 -32768 -32768 -32768 -32768    255    255    255    255    0 2147483647
  0.51    -32768    -32768 -32768 -32768 -32768 -32768    255    255    255    255    0 2147483647
  0.53    -32768    -32768 -32768 -32768 -32768 -32768    255    255    255    255    0 2147483647
  0.55    -32768    -32768 -32768 -32768 -32768 -32768    255    255    255    255    0 2147483647
  0.57    -32768    -32768 -32768 -32768 -32768 -32768    255    255    255    255    0 2147483647
  0.59    -32768    -32768 -32768 -32768 -32768 -32768    255    255    255    255    0 2147483647
  0.61    -32768    -32768 -32768 -32768 -32768 -32768    255    255    255    255    0 2147483647
  0.63    -32768    -32768 -32768 -32768 -32768 -32768    255    255    255    255    0 2147483647
  0.65    -32768    -32768 -32768 -32768 -32768 -32768    255    255    255    255    0 2147483647
  0.67    -32768    -32768 -32768 -32768 -32768 -32768    255    255    255    255    0 2147483647
  0.69    -32768    -32768 -32768 -32768 -32768 -32768    255    255    255    255    0 2147483647
  0.71    -32768    -32768 -32768 -32768 -32768 -32768    255    255    255    255    0 2147483647
  0.73    -32768    -32768 -32768 -32768 -32768 -32768    255    255    255    255    0 2147483647
18 5 29 9 55 59 22   116      1    4.350   -2.890  324.240   15.000 
-37.60   -31.64     1.00     7.30     0.00     0.00     0.00     0.00     0.34     0.34     0.36     0.34 
4.19        11.95        -3.38        -2.23         4.04
30000.0000000 30000.0000000 -32768   -32768         0.0
0.2           0.4           0.2          -0.0           1.0          -0.0           1.0  0.15   0.25
30 cm BT dB 0.44  1.038
  0.15     90.66    114.48   82.5  -37.6   -5.3  -19.0   67.3   68.2   72.6   77.5  100       0.02
  0.17     85.15    121.80   72.4  -44.9  -11.3   28.4   67.3   69.1   72.6   77.9  100       0.02
  0.19     96.27    129.50   74.3  -61.2    2.7  -34.5   67.4   68.3   72.7   77.5  100       0.02
  0.21     84.16    122.55   70.9  -45.3   -3.8   12.5   66.1   66.5   71.8   77.6  100       0.02
  0.23     80.84    158.05   30.2  -75.0   -6.3   -2.8   66.6   66.1   71.0   76.8  100       0.02
  0.25     48.54    133.56   35.2  -33.4    0.9    7.5   64.9   66.2   71.1   76.4  100       0.01
  0.27    -32768    -32768 -32768 -32768 -32768 -32768    255    255    255    255    0 2147483647
  0.29    -32768    -32768 -32768 -32768 -32768 -32768    255    255    255    255    0 2147483647
  0.31    -32768    -32768 -32768 -32768 -32768 -32768    255    255    255    255    0 2147483647
  0.33    -32768    -32768 -32768 -32768 -32768 -32768    255    255    255    255    0 2147483647
  0.35    -32768    -32768 -32768 -32768 -32768 -32768    255    255    255    255    0 2147483647
  0.37    -32768    -32768 -32768 -32768 -32768 -32768    255    255    255    255    0 2147483647
  0.39    -32768    -32768 -32768 -32768 -32768 -32768    255    255    255    255    0 2147483647
  0.41    -32768    -32768 -32768 -32768 -32768 -32768    255    255    255    255    0 2147483647
  0.43    -32768    -32768 -32768 -32768 -32768 -32768    255    255    255    255    0 2147483647
  0.45    -32768    -32768 -32768 -32768 -32768 -32768    255    255    255    255    0 2147483647
  0.47    -32768    -32768 -32768 -32768 -32768 -32768    255    255    255    255    0 2147483647
  0.49    -32768    -32768 -32768 -32768 -32768 -32768    255    255    255    255    0 2147483647
  0.51    -32768    -32768 -32768 -32768 -32768 -32768    255    255    255    255    0 2147483647
  0.53    -32768    -32768 -32768 -32768 -32768 -32768    255    255    255    255    0 2147483647
  0.55    -32768    -32768 -32768 -32768 -32768 -32768    255    255    255    255    0 2147483647
  0.57    -32768    -32768 -32768 -32768 -32768 -32768    255    255    255    255    0 2147483647
  0.59    -32768    -32768 -32768 -32768 -32768 -32768    255    255    255    255    0 2147483647
  0.61    -32768    -32768 -32768 -32768 -32768 -32768    255    255    255    255    0 2147483647
  0.63    -32768    -32768 -32768 -32768 -32768 -32768    255    255    255    255    0 2147483647
  0.65    -32768    -32768 -32768 -32768 -32768 -32768    255    255    255    255    0 2147483647
  0.67    -32768    -32768 -32768 -32768 -32768 -32768    255    255    255    255    0 2147483647
  0.69    -32768    -32768 -32768 -32768 -32768 -32768    255    255    255    255    0 2147483647
  0.71    -32768    -32768 -32768 -32768 -32768 -32768    255    255    255    255    0 2147483647
  0.73    -32768    -32768 -32768 -32768 -32768 -32768    255    255    255    255    0 2147483647
18 5 29 9 56 0 35   117      1    1.790   -2.020  327.650   15.000 
-38.06   -29.43     3.60     3.00     0.00     0.00     0.00     0.00     0.41     0.40     0.37     0.39 
4.73        13.08        -3.71        -2.66         4.56
30000.0000000 30000.0000000 -32768   -32768         0.0
0.2           0.5           0.2          -0.0           1.0          -0.0           1.0  0.15   0.29
30 cm BT dB 0.44  1.038
  0.15     71.20    153.70   31.5  -63.8    2.4  -12.8   68.6   70.8   73.9   80.1  100       0.01
  0.17     32.14    153.01   14.6  -28.6   -1.5   -0.4   70.4   68.7   72.2   80.2  100       0.00
  0.19     71.16    162.14   21.8  -67.7    3.4    8.1   66.9   67.8   72.2   78.4  100       0.01
  0.21     53.04    101.73   51.9  -10.8    2.5   19.8   67.9   67.4   71.4   78.0  100       0.00
  0.23     51.87    150.63   25.4  -45.2    6.6   18.8   67.5   66.6   71.0   76.8  100       0.01
  0.25     89.94    144.40   52.4  -73.1   -2.5   -4.1   65.8   66.2   70.2   76.4  100       0.01
  0.27     27.00    147.44   14.5  -22.8    6.1    2.9   66.2   66.7   68.9   74.6  100       0.00
  0.29     62.02    133.75   44.8  -42.9    3.0    8.0   65.0   65.0   70.3   74.2  100       0.01
  0.31    -32768    -32768 -32768 -32768 -32768 -32768    255    255    255    255    0 2147483647
  0.33    -32768    -32768 -32768 -32768 -32768 -32768    255    255    255    255    0 2147483647
  0.35    -32768    -32768 -32768 -32768 -32768 -32768    255    255    255    255    0 2147483647
  0.37    -32768    -32768 -32768 -32768 -32768 -32768    255    255    255    255    0 2147483647
  0.39    -32768    -32768 -32768 -32768 -32768 -32768    255    255    255    255    0 2147483647
  0.41    -32768    -32768 -32768 -32768 -32768 -32768    255    255    255    255    0 2147483647
  0.43    -32768    -32768 -32768 -32768 -32768 -32768    255    255    255    255    0 2147483647
  0.45    -32768    -32768 -32768 -32768 -32768 -32768    255    255    255    255    0 2147483647
  0.47    -32768    -32768 -32768 -32768 -32768 -32768    255    255    255    255    0 2147483647
  0.49    -32768    -32768 -32768 -32768 -32768 -32768    255    255    255    255    0 2147483647
  0.51    -32768    -32768 -32768 -32768 -32768 -32768    255    255    255    255    0 2147483647
  0.53    -32768    -32768 -32768 -32768 -32768 -32768    255    255    255    255    0 2147483647
  0.55    -32768    -32768 -32768 -32768 -32768 -32768    255    255    255    255    0 2147483647
  0.57    -32768    -32768 -32768 -32768 -32768 -32768    255    255    255    255    0 2147483647
  0.59    -32768    -32768 -32768 -32768 -32768 -32768    255    255    255    255    0 2147483647
  0.61    -32768    -32768 -32768 -32768 -32768 -32768    255    255    255    255    0 2147483647
  0.63    -32768    -32768 -32768 -32768 -32768 -32768    255    255    255    255    0 2147483647
  0.65    -32768    -32768 -32768 -32768 -32768 -32768    255    255    255    255    0 2147483647
  0.67    -32768    -32768 -32768 -32768 -32768 -32768    255    255    255    255    0 2147483647
  0.69    -32768    -32768 -32768 -32768 -32768 -32768    255    255    255    255    0 2147483647
  0.71    -32768    -32768 -32768 -32768 -32768 -32768    255    255    255    255    0 2147483647
  0.73    -32768    -32768 -32768 -32768 -32768 -32768    255    255    255    255    0 2147483647
18 5 29 9 56 1 49   118      1    1.120    1.850  330.520   15.000 
-29.31   -26.79    -2.00     1.40     0.00     0.00     0.00     0.00     0.35     0.37     0.38     0.34 
5.18        14.22        -4.02        -2.99         5.01
30000.0000000 30000.0000000 -32768   -32768         0.0
0.2           0.5           0.3          -0.0           1.0          -0.0           1.0  0.15   0.25
30 cm BT dB 0.44  1.038
  0.15     71.27    125.72   57.9  -41.6  -10.3    5.5   67.7   68.6   72.6   80.1  100       0.01
  0.17     79.91    132.29   59.1  -53.8   -3.2   -7.5   67.8   68.2   73.5   78.8  100       0.01
  0.19     86.07    122.67   72.4  -46.5   -4.9   21.9   69.2   69.2   72.7   79.3  100       0.01
  0.21     83.22    175.24    6.9  -82.9    4.6   -8.4   67.9   67.4   73.2   78.0  100       0.01
  0.23     37.87    130.12   29.0  -24.4   -0.8   -0.1   67.0   67.9   71.5   77.2  100       0.00
  0.25     68.21    153.71   30.2  -61.2   -6.8  -19.3   66.2   67.1   71.9   77.2  100       0.01
  0.27    -32768    -32768 -32768 -32768 -32768 -32768    255    255    255    255    0 2147483647
  0.29    -32768    -32768 -32768 -32768 -32768 -32768    255    255    255    255    0 2147483647
  0.31    -32768    -32768 -32768 -32768 -32768 -32768    255    255    255    255    0 2147483647
  0.33    -32768    -32768 -32768 -32768 -32768 -32768    255    255    255    255    0 2147483647
  0.35    -32768    -32768 -32768 -32768 -32768 -32768    255    255    255    255    0 2147483647
  0.37    -32768    -32768 -32768 -32768 -32768 -32768    255    255    255    255    0 2147483647
  0.39    -32768    -32768 -32768 -32768 -32768 -32768    255    255    255    255    0 2147483647
  0.41    -32768    -32768 -32768 -32768 -32768 -32768    255    255    255    255    0 2147483647
  0.43    -32768    -32768 -32768 -32768 -32768 -32768    255    255    255    255    0 2147483647
  0.45    -32768    -32768 -32768 -32768 -32768 -32768    255    255    255    255    0 2147483647
  0.47    -32768    -32768 -32768 -32768 -32768 -32768    255    255    255    255    0 2147483647
  0.49    -32768    -32768 -32768 -32768 -32768 -32768    255    255    255    255    0 2147483647
  0.51    -32768    -32768 -32768 -32768 -32768 -32768    255    255    255    255    0 2147483647
  0.53    -32768    -32768 -32768 -32768 -32768 -32768    255    255    255    255    0 2147483647
  0.55    -32768    -32768 -32768 -32768 -32768 -32768    255    255    255    255    0 2147483647
  0.57    -32768    -32768 -32768 -32768 -32768 -32768    255    255    255    255    0 2147483647
  0.59    -32768    -32768 -32768 -32768 -32768 -32768    255    255    255    255    0 2147483647
  0.61    -32768    -32768 -32768 -32768 -32768 -32768    255    255    255    255    0 2147483647
  0.63    -32768    -32768 -32768 -32768 -32768 -32768    255    255    255    255    0 2147483647
  0.65    -32768    -32768 -32768 -32768 -32768 -32768    255    255    255    255    0 2147483647
  0.67    -32768    -32768 -32768 -32768 -32768 -32768    255    255    255    255    0 2147483647
  0.69    -32768    -32768 -32768 -32768 -32768 -32768    255    255    255    255    0 2147483647
  0.71    -32768    -32768 -32768 -32768 -32768 -32768    255    255    255    255    0 2147483647
  0.73    -32768    -32768 -32768 -32768 -32768 -32768    255    255    255    255    0 2147483647
18 5 29 9 56 2 64   119      1    1.770   -0.580  334.970   15.000 
-29.61   -33.25     4.10     3.40     0.00     0.00     0.00     0.00     0.34     0.33     0.33     0.35 
5.70        15.37        -4.40        -3.33         5.52
30000.0000000 30000.0000000 -32768   -32768         0.0
0.3           0.6           0.3           0.1           1.0           0.2           1.0  0.15   0.25
30 cm BT dB 0.44  1.038
  0.15    121.48    132.92   89.0  -82.7   -7.0    8.3   69.1   69.9   72.6   79.7  100       0.01
  0.17    112.80     98.43  111.6  -16.5   -6.3   13.0   69.1   69.6   72.6   79.3  100       0.01
  0.19     75.32    126.33   60.7  -44.6    3.0   19.1   67.8   68.7   74.0   78.9  100       0.01
  0.21     67.53     97.08   67.0   -8.3   -7.6   10.2   67.4   68.3   71.8   78.0  100       0.01
  0.23     55.30    118.20   48.7  -26.1    4.7    9.3   66.6   67.0   71.9   78.1  100       0.01
  0.25     49.85     89.63   49.8    0.3  -25.1    2.9   66.6   66.2   71.5   76.8  100       0.00
  0.27    -32768    -32768 -32768 -32768 -32768 -32768    255    255    255    255    0 2147483647
  0.29    -32768    -32768 -32768 -32768 -32768 -32768    255    255    255    255    0 2147483647
  0.31    -32768    -32768 -32768 -32768 -32768 -32768    255    255    255    255    0 2147483647
  0.33    -32768    -32768 -32768 -32768 -32768 -32768    255    255    255    255    0 2147483647
  0.35    -32768    -32768 -32768 -32768 -32768 -32768    255    255    255    255    0 2147483647
  0.37    -32768    -32768 -32768 -32768 -32768 -32768    255    255    255    255    0 2147483647
  0.39    -32768    -32768 -32768 -32768 -32768 -32768    255    255    255    255    0 2147483647
  0.41    -32768    -32768 -32768 -32768 -32768 -32768    255    255    255    255    0 2147483647
  0.43    -32768    -32768 -32768 -32768 -32768 -32768    255    255    255    255    0 2147483647
  0.45    -32768    -32768 -32768 -32768 -32768 -32768    255    255    255    255    0 2147483647
  0.47    -32768    -32768 -32768 -32768 -32768 -32768    255    255    255    255    0 2147483647
  0.49    -32768    -32768 -32768 -32768 -32768 -32768    255    255    255    255    0 2147483647
  0.51    -32768    -32768 -32768 -32768 -32768 -32768    255    255    255    255    0 2147483647
  0.53    -32768    -32768 -32768 -32768 -32768 -32768    255    255    255    255    0 2147483647
  0.55    -32768    -32768 -32768 -32768 -32768 -32768    255    255    255    255    0 2147483647
  0.57    -32768    -32768 -32768 -32768 -32768 -32768    255    255    255    255    0 2147483647
  0.59    -32768    -32768 -32768 -32768 -32768 -32768    255    255    255    255    0 2147483647
  0.61    -32768    -32768 -32768 -32768 -32768 -32768    255    255    255    255    0 2147483647
  0.63    -32768    -32768 -32768 -32768 -32768 -32768    255    255    255    255    0 2147483647
  0.65    -32768    -32768 -32768 -32768 -32768 -32768    255    255    255    255    0 2147483647
  0.67    -32768    -32768 -32768 -32768 -32768 -32768    255    255    255    255    0 2147483647
  0.69    -32768    -32768 -32768 -32768 -32768 -32768    255    255    255    255    0 2147483647
  0.71    -32768    -32768 -32768 -32768 -32768 -32768    255    255    255    255    0 2147483647
  0.73    -32768    -32768 -32768 -32768 -32768 -32768    255    255    255    255    0 2147483647
18 5 29 9 56 3 79   120      1   -0.450    2.800  332.470   15.000 
-42.25   -30.14    -3.10    -0.40     0.00     0.00     0.00     0.00     0.39     0.37     0.35     0.29 
6.29        16.52        -4.74        -3.82         6.09
30000.0000000 30000.0000000 -32768   -32768         0.0
0.3           0.6           0.3           0.1           1.0           0.2           1.0  0.15   0.19
30 cm BT dB 0.44  1.038
  0.15     66.82    138.35   44.4  -49.9   -0.9    8.5   68.6   69.5   74.4   79.7  100       0.01
  0.17     75.04    132.44   55.4  -50.6   -7.4   58.0   70.0   69.6   73.1   78.8  100       0.01
  0.19     92.13    134.84   65.3  -65.0  -11.1  -18.8   67.8   70.0   73.6   78.0  100       0.01
  0.21    -32768    -32768 -32768 -32768 -32768 -32768   67.9   67.9   72.3   77.6    0 2147483647
  0.23    -32768    -32768 -32768 -32768 -32768 -32768    255    255    255    255    0 2147483647
  0.25    -32768    -32768 -32768 -32768 -32768 -32768    255    255    255    255    0 2147483647
  0.27    -32768    -32768 -32768 -32768 -32768 -32768    255    255    255    255    0 2147483647
  0.29    -32768    -32768 -32768 -32768 -32768 -32768    255    255    255    255    0 2147483647
  0.31    -32768    -32768 -32768 -32768 -32768 -32768    255    255    255    255    0 2147483647
  0.33    -32768    -32768 -32768 -32768 -32768 -32768    255    255    255    255    0 2147483647
  0.35    -32768    -32768 -32768 -32768 -32768 -32768    255    255    255    255    0 2147483647
  0.37    -32768    -32768 -32768 -32768 -32768 -32768    255    255    255    255    0 2147483647
  0.39    -32768    -32768 -32768 -32768 -32768 -32768    255    255    255    255    0 2147483647
  0.41    -32768    -32768 -32768 -32768 -32768 -32768    255    255    255    255    0 2147483647
  0.43    -32768    -32768 -32768 -32768 -32768 -32768    255    255    255    255    0 2147483647
  0.45    -32768    -32768 -32768 -32768 -32768 -32768    255    255    255    255    0 2147483647
  0.47    -32768    -32768 -32768 -32768 -32768 -32768    255    255    255    255    0 2147483647
  0.49    -32768    -32768 -32768 -32768 -32768 -32768    255    255    255    255    0 2147483647
  0.51    -32768    -32768 -32768 -32768 -32768 -32768    255    255    255    255    0 2147483647
  0.53    -32768    -32768 -32768 -32768 -32768 -32768    255    255    255    255    0 2147483647
  0.55    -32768    -32768 -32768 -32768 -32768 -32768    255    255    255    255    0 2147483647
  0.57    -32768    -32768 -32768 -32768 -32768 -32768    255    255    255    255    0 2147483647
  0.59    -32768    -32768 -32768 -32768 -32768 -32768    255    255    255    255    0 2147483647
  0.61    -32768    -32768 -32768 -32768 -32768 -32768    255    255    255    255    0 2147483647
  0.63    -32768    -32768 -32768 -32768 -32768 -32768    255    255    255    255    0 2147483647
  0.65    -32768    -32768 -32768 -32768 -32768 -32768    255    255    255    255    0 2147483647
  0.67    -32768    -32768 -32768 -32768 -32768 -32768    255    255    255    255    0 2147483647
  0.69    -32768    -32768 -32768 -32768 -32768 -32768    255    255    255    255    0 2147483647
  0.71    -32768    -32768 -32768 -32768 -32768 -32768    255    255    255    255    0 2147483647
  0.73    -32768    -32768 -32768 -32768 -32768 -32768    255    255    255    255    0 2147483647
18 5 29 9 56 4 92   121      1    3.360   -2.100  332.920   15.000 
-41.84   -27.34     2.20     3.70     0.00     0.00     0.00     0.00     0.30     0.32     0.33     0.34 
6.86        17.65        -5.05        -4.29         6.63
30000.0000000 30000.0000000 -32768   -32768         0.0
0.3           0.7           0.4           0.1           1.0           0.2           1.0  0.15   0.21
30 cm BT dB 0.44  1.038
  0.15     90.28    119.44   78.6  -44.4    1.2   36.7   68.2   69.5   72.6   78.3  100       0.01
  0.17     69.98    150.14   34.8  -60.7    1.2    5.5   67.3   68.7   74.0   78.8  100       0.01
  0.19     61.26    112.16   56.7  -23.1   -8.5   28.4   67.4   67.8   71.4   76.7  100       0.01
  0.21     61.50    111.48   57.2  -22.5    2.5   14.9   67.4   67.9   72.7   77.2  100       0.01
  0.23    -32768    -32768 -32768 -32768 -32768 -32768    255    255    255    255    0 2147483647
  0.25    -32768    -32768 -32768 -32768 -32768 -32768    255    255    255    255    0 2147483647
  0.27    -32768    -32768 -32768 -32768 -32768 -32768    255    255    255    255    0 2147483647
  0.29    -32768    -32768 -32768 -32768 -32768 -32768    255    255    255    255    0 2147483647
  0.31    -32768    -32768 -32768 -32768 -32768 -32768    255    255    255    255    0 2147483647
  0.33    -32768    -32768 -32768 -32768 -32768 -32768    255    255    255    255    0 2147483647
  0.35    -32768    -32768 -32768 -32768 -32768 -32768    255    255    255    255    0 2147483647
  0.37    -32768    -32768 -32768 -32768 -32768 -32768    255    255    255    255    0 2147483647
  0.39    -32768    -32768 -32768 -32768 -32768 -32768    255    255    255    255    0 2147483647
  0.41    -32768    -32768 -32768 -32768 -32768 -32768    255    255    255    255    0 2147483647
  0.43    -32768    -32768 -32768 -32768 -32768 -32768    255    255    255    255    0 2147483647
  0.45    -32768    -32768 -32768 -32768 -32768 -32768    255    255    255    255    0 2147483647
  0.47    -32768    -32768 -32768 -32768 -32768 -32768    255    255    255    255    0 2147483647
  0.49    -32768    -32768 -32768 -32768 -32768 -32768    255    255    255    255    0 2147483647
  0.51    -32768    -32768 -32768 -32768 -32768 -32768    255    255    255    255    0 2147483647
  0.53    -32768    -32768 -32768 -32768 -32768 -32768    255    255    255    255    0 2147483647
  0.55    -32768    -32768 -32768 -32768 -32768 -32768    255    255    255    255    0 2147483647
  0.57    -32768    -32768 -32768 -32768 -32768 -32768    255    255    255    255    0 2147483647
  0.59    -32768    -32768 -32768 -32768 -32768 -32768    255    255    255    255    0 2147483647
  0.61    -32768    -32768 -32768 -32768 -32768 -32768    255    255    255    255    0 2147483647
  0.63    -32768    -32768 -32768 -32768 -32768 -32768    255    255    255    255    0 2147483647
  0.65    -32768    -32768 -32768 -32768 -32768 -32768    255    255    255    255    0 2147483647
  0.67    -32768    -32768 -32768 -32768 -32768 -32768    255    255    255    255    0 2147483647
  0.69    -32768    -32768 -32768 -32768 -32768 -32768    255    255    255    255    0 2147483647
  0.71    -32768    -32768 -32768 -32768 -32768 -32768    255    255    255    255    0 2147483647
  0.73    -32768    -32768 -32768 -32768 -32768 -32768    255    255    255    255    0 2147483647
18 5 29 9 56 6 7   122      1   -2.100    1.540  331.390   15.000 
-41.17   -22.68     0.10     1.30     0.00     0.00     0.00     0.00     0.32     0.32     0.32     0.31 
7.40        18.80        -5.31        -4.76         7.14
30000.0000000 30000.0000000 -32768   -32768         0.0
0.4           0.7           0.4           0.1           1.0           0.2           1.0  0.15   0.23
30 cm BT dB 0.44  1.038
  0.15     40.49    142.44   24.7  -32.1   -1.3   30.5   69.9   67.7   73.5   81.0  100       0.00
  0.17     59.08    146.92   32.2  -49.5  -10.4   -0.5   69.1   69.6   74.4   78.4  100       0.01
  0.19     89.99    130.01   68.9  -57.9    3.4   -5.8   68.7   68.3   72.2   78.0  100       0.01
  0.21     54.18    130.75   41.0  -35.4   -2.6  -20.1   68.3   68.3   72.7   78.5  100       0.01
  0.23     24.83    107.86   23.6   -7.6   -4.1   11.3   67.0   67.0   71.5   77.2  100       0.00
  0.25    -32768    -32768 -32768 -32768 -32768 -32768    255    255    255    255    0 2147483647
  0.27    -32768    -32768 -32768 -32768 -32768 -32768    255    255    255    255    0 2147483647
  0.29    -32768    -32768 -32768 -32768 -32768 -32768    255    255    255    255    0 2147483647
  0.31    -32768    -32768 -32768 -32768 -32768 -32768    255    255    255    255    0 2147483647
  0.33    -32768    -32768 -32768 -32768 -32768 -32768    255    255    255    255    0 2147483647
  0.35    -32768    -32768 -32768 -32768 -32768 -32768    255    255    255    255    0 2147483647
  0.37    -32768    -32768 -32768 -32768 -32768 -32768    255    255    255    255    0 2147483647
  0.39    -32768    -32768 -32768 -32768 -32768 -32768    255    255    255    255    0 2147483647
  0.41    -32768    -32768 -32768 -32768 -32768 -32768    255    255    255    255    0 2147483647
  0.43    -32768    -32768 -32768 -32768 -32768 -32768    255    255    255    255    0 2147483647
  0.45    -32768    -32768 -32768 -32768 -32768 -32768    255    255    255    255    0 2147483647
  0.47    -32768    -32768 -32768 -32768 -32768 -32768    255    255    255    255    0 2147483647
  0.49    -32768    -32768 -32768 -32768 -32768 -32768    255    255    255    255    0 2147483647
  0.51    -32768    -32768 -32768 -32768 -32768 -32768    255    255    255    255    0 2147483647
  0.53    -32768    -32768 -32768 -32768 -32768 -32768    255    255    255    255    0 2147483647
  0.55    -32768    -32768 -32768 -32768 -32768 -32768    255    255    255    255    0 2147483647
  0.57    -32768    -32768 -32768 -32768 -32768 -32768    255    255    255    255    0 2147483647
  0.59    -32768    -32768 -32768 -32768 -32768 -32768    255    255    255    255    0 2147483647
  0.61    -32768    -32768 -32768 -32768 -32768 -32768    255    255    255    255    0 2147483647
  0.63    -32768    -32768 -32768 -32768 -32768 -32768    255    255    255    255    0 2147483647
  0.65    -32768    -32768 -32768 -32768 -32768 -32768    255    255    255    255    0 2147483647
  0.67    -32768    -32768 -32768 -32768 -32768 -32768    255    255    255    255    0 2147483647
  0.69    -32768    -32768 -32768 -32768 -32768 -32768    255    255    255    255    0 2147483647
  0.71    -32768    -32768 -32768 -32768 -32768 -32768    255    255    255    255    0 2147483647
  0.73    -32768    -32768 -32768 -32768 -32768 -32768    255    255    255    255    0 2147483647
18 5 29 9 56 7 27   123      1    0.330   -2.850  332.740   15.000 
-36.28   -21.06    -2.30     1.10     0.00     0.00     0.00     0.00     0.34     0.33     0.32     0.30 
7.90        20.00        -5.57        -5.20         7.62
30000.0000000 30000.0000000 -32768   -32768         0.0
0.4           0.8           0.4           0.1           1.0           0.2           1.0  0.15   0.21
30 cm BT dB 0.44  1.038
  0.15     25.74    155.86   10.5  -23.5   -2.1   -5.7   67.3   69.1   71.7   77.5  100       0.00
  0.17     85.43    154.22   37.2  -76.9   -8.9  -40.8   66.0   67.3   72.2   77.1  100       0.01
  0.19     46.58    149.29   23.8  -40.1   -2.4   -0.8   66.1   68.3   70.9   76.2  100       0.00
  0.21     31.55     94.92   31.4   -2.7    1.9  -32.9   67.0   67.0   70.5   76.7  100       0.00
  0.23    -32768    -32768 -32768 -32768 -32768 -32768    255    255    255    255    0 2147483647
  0.25    -32768    -32768 -32768 -32768 -32768 -32768    255    255    255    255    0 2147483647
  0.27    -32768    -32768 -32768 -32768 -32768 -32768    255    255    255    255    0 2147483647
  0.29    -32768    -32768 -32768 -32768 -32768 -32768    255    255    255    255    0 2147483647
  0.31    -32768    -32768 -32768 -32768 -32768 -32768    255    255    255    255    0 2147483647
  0.33    -32768    -32768 -32768 -32768 -32768 -32768    255    255    255    255    0 2147483647
  0.35    -32768    -32768 -32768 -32768 -32768 -32768    255    255    255    255    0 2147483647
  0.37    -32768    -32768 -32768 -32768 -32768 -32768    255    255    255    255    0 2147483647
  0.39    -32768    -32768 -32768 -32768 -32768 -32768    255    255    255    255    0 2147483647
  0.41    -32768    -32768 -32768 -32768 -32768 -32768    255    255    255    255    0 2147483647
  0.43    -32768    -32768 -32768 -32768 -32768 -32768    255    255    255    255    0 2147483647
  0.45    -32768    -32768 -32768 -32768 -32768 -32768    255    255    255    255    0 2147483647
  0.47    -32768    -32768 -32768 -32768 -32768 -32768    255    255    255    255    0 2147483647
  0.49    -32768    -32768 -32768 -32768 -32768 -32768    255    255    255    255    0 2147483647
  0.51    -32768    -32768 -32768 -32768 -32768 -32768    255    255    255    255    0 2147483647
  0.53    -32768    -32768 -32768 -32768 -32768 -32768    255    255    255    255    0 2147483647
  0.55    -32768    -32768 -32768 -32768 -32768 -32768    255    255    255    255    0 2147483647
  0.57    -32768    -32768 -32768 -32768 -32768 -32768    255    255    255    255    0 2147483647
  0.59    -32768    -32768 -32768 -32768 -32768 -32768    255    255    255    255    0 2147483647
  0.61    -32768    -32768 -32768 -32768 -32768 -32768    255    255    255    255    0 2147483647
  0.63    -32768    -32768 -32768 -32768 -32768 -32768    255    255    255    255    0 2147483647
  0.65    -32768    -32768 -32768 -32768 -32768 -32768    255    255    255    255    0 2147483647
  0.67    -32768    -32768 -32768 -32768 -32768 -32768    255    255    255    255    0 2147483647
  0.69    -32768    -32768 -32768 -32768 -32768 -32768    255    255    255    255    0 2147483647
  0.71    -32768    -32768 -32768 -32768 -32768 -32768    255    255    255    255    0 2147483647
  0.73    -32768    -32768 -32768 -32768 -32768 -32768    255    255    255    255    0 2147483647
18 5 29 9 56 8 44   124      1   -0.750   -0.560  338.850   15.000 
-36.18   -19.57     0.60    -1.70     0.00     0.00     0.00     0.00     0.33     0.35     0.33     0.37 
8.38        21.17        -5.80        -5.62         8.07
30000.0000000 30000.0000000 -32768   -32768         0.0
0.4           0.8           0.4           0.1           1.0           0.2           1.0  0.15   0.25
30 cm BT dB 0.44  1.038
  0.15     44.13    164.70   11.6  -42.6    4.3   10.5   68.2   68.6   72.6   80.6  100       0.00
  0.17     64.02    124.42   52.8  -36.2   -2.4   -1.0   66.9   68.2   73.1   78.8  100       0.01
  0.19     38.08    135.65   26.6  -27.2    4.2    4.7   66.9   66.9   73.1   78.4  100       0.00
  0.21     50.24    171.61    7.3  -49.7   -0.8  -11.1   67.4   67.4   71.8   75.8  100       0.00
  0.23     36.98    185.69   -3.7  -36.8  -12.3  -15.4   65.3   66.1   72.8   77.2  100       0.00
  0.25     66.32    187.50   -8.7  -65.8  -10.3    0.9   64.4   67.5   71.1   76.8  100       0.01
  0.27    -32768    -32768 -32768 -32768 -32768 -32768    255    255    255    255    0 2147483647
  0.29    -32768    -32768 -32768 -32768 -32768 -32768    255    255    255    255    0 2147483647
  0.31    -32768    -32768 -32768 -32768 -32768 -32768    255    255    255    255    0 2147483647
  0.33    -32768    -32768 -32768 -32768 -32768 -32768    255    255    255    255    0 2147483647
  0.35    -32768    -32768 -32768 -32768 -32768 -32768    255    255    255    255    0 2147483647
  0.37    -32768    -32768 -32768 -32768 -32768 -32768    255    255    255    255    0 2147483647
  0.39    -32768    -32768 -32768 -32768 -32768 -32768    255    255    255    255    0 2147483647
  0.41    -32768    -32768 -32768 -32768 -32768 -32768    255    255    255    255    0 2147483647
  0.43    -32768    -32768 -32768 -32768 -32768 -32768    255    255    255    255    0 2147483647
  0.45    -32768    -32768 -32768 -32768 -32768 -32768    255    255    255    255    0 2147483647
  0.47    -32768    -32768 -32768 -32768 -32768 -32768    255    255    255    255    0 2147483647
  0.49    -32768    -32768 -32768 -32768 -32768 -32768    255    255    255    255    0 2147483647
  0.51    -32768    -32768 -32768 -32768 -32768 -32768    255    255    255    255    0 2147483647
  0.53    -32768    -32768 -32768 -32768 -32768 -32768    255    255    255    255    0 2147483647
  0.55    -32768    -32768 -32768 -32768 -32768 -32768    255    255    255    255    0 2147483647
  0.57    -32768    -32768 -32768 -32768 -32768 -32768    255    255    255    255    0 2147483647
  0.59    -32768    -32768 -32768 -32768 -32768 -32768    255    255    255    255    0 2147483647
  0.61    -32768    -32768 -32768 -32768 -32768 -32768    255    255    255    255    0 2147483647
  0.63    -32768    -32768 -32768 -32768 -32768 -32768    255    255    255    255    0 2147483647
  0.65    -32768    -32768 -32768 -32768 -32768 -32768    255    255    255    255    0 2147483647
  0.67    -32768    -32768 -32768 -32768 -32768 -32768    255    255    255    255    0 2147483647
  0.69    -32768    -32768 -32768 -32768 -32768 -32768    255    255    255    255    0 2147483647
  0.71    -32768    -32768 -32768 -32768 -32768 -32768    255    255    255    255    0 2147483647
  0.73    -32768    -32768 -32768 -32768 -32768 -32768    255    255    255    255    0 2147483647
18 5 29 9 56 9 59   125      1    3.690   -2.460  338.830   15.000 
-37.12   -18.24     2.90    -4.50     0.00     0.00     0.00     0.00     0.31     0.31     0.36     0.34 
8.86        22.32        -6.01        -6.05         8.52
30000.0000000 30000.0000000 -32768   -32768         0.0
0.4           0.8           0.4           0.1           1.0           0.2           1.0  0.15   0.23
30 cm BT dB 0.44  1.038
  0.15     17.84    322.22  -10.9   14.1   10.6  -29.6   66.0   68.6   73.5   77.5  100      -0.00
  0.17     17.01     90.57   17.0   -0.2   11.2   28.8   64.7   66.5   74.0   77.5  100       0.00
  0.19     23.01    108.54   21.8   -7.3   10.1   -9.0   63.9   67.4   72.2   77.1  100       0.00
  0.21     12.91    340.61   -4.3   12.2    6.7    4.4   64.8   65.2   72.3   77.2  100      -0.00
  0.23     44.67    138.93   29.3  -33.7   -2.2  -34.0   64.4   64.8   70.6   78.5  100       0.00
  0.25    -32768    -32768 -32768 -32768 -32768 -32768    255    255    255    255    0 2147483647
  0.27    -32768    -32768 -32768 -32768 -32768 -32768    255    255    255    255    0 2147483647
  0.29    -32768    -32768 -32768 -32768 -32768 -32768    255    255    255    255    0 2147483647
  0.31    -32768    -32768 -32768 -32768 -32768 -32768    255    255    255    255    0 2147483647
  0.33    -32768    -32768 -32768 -32768 -32768 -32768    255    255    255    255    0 2147483647
  0.35    -32768    -32768 -32768 -32768 -32768 -32768    255    255    255    255    0 2147483647
  0.37    -32768    -32768 -32768 -32768 -32768 -32768    255    255    255    255    0 2147483647
  0.39    -32768    -32768 -32768 -32768 -32768 -32768    255    255    255    255    0 2147483647
  0.41    -32768    -32768 -32768 -32768 -32768 -32768    255    255    255    255    0 2147483647
  0.43    -32768    -32768 -32768 -32768 -32768 -32768    255    255    255    255    0 2147483647
  0.45    -32768    -32768 -32768 -32768 -32768 -32768    255    255    255    255    0 2147483647
  0.47    -32768    -32768 -32768 -32768 -32768 -32768    255    255    255    255    0 2147483647
  0.49    -32768    -32768 -32768 -32768 -32768 -32768    255    255    255    255    0 2147483647
  0.51    -32768    -32768 -32768 -32768 -32768 -32768    255    255    255    255    0 2147483647
  0.53    -32768    -32768 -32768 -32768 -32768 -32768    255    255    255    255    0 2147483647
  0.55    -32768    -32768 -32768 -32768 -32768 -32768    255    255    255    255    0 2147483647
  0.57    -32768    -32768 -32768 -32768 -32768 -32768    255    255    255    255    0 2147483647
  0.59    -32768    -32768 -32768 -32768 -32768 -32768    255    255    255    255    0 2147483647
  0.61    -32768    -32768 -32768 -32768 -32768 -32768    255    255    255    255    0 2147483647
  0.63    -32768    -32768 -32768 -32768 -32768 -32768    255    255    255    255    0 2147483647
  0.65    -32768    -32768 -32768 -32768 -32768 -32768    255    255    255    255    0 2147483647
  0.67    -32768    -32768 -32768 -32768 -32768 -32768    255    255    255    255    0 2147483647
  0.69    -32768    -32768 -32768 -32768 -32768 -32768    255    255    255    255    0 2147483647
  0.71    -32768    -32768 -32768 -32768 -32768 -32768    255    255    255    255    0 2147483647
  0.73    -32768    -32768 -32768 -32768 -32768 -32768    255    255    255    255    0 2147483647
18 5 29 9 56 10 75   126      1   -0.820    0.800  334.920   14.940 
-32768  -32768  -32768  -32768     0.00     0.00     0.00     0.00     0.26     0.30     0.29     0.25 
8.86        23.48        -6.01        -6.05         8.52
30000.0000000 30000.0000000 -32768   -32768         0.0
0.4           0.8           0.4           0.1           1.0           0.2           1.0  0.00   0.00
30 cm BT dB 0.44  1.040
  0.15    -32768    -32768 -32768 -32768 -32768   -1.8   68.2   65.5   73.5   75.3  100 2147483647
  0.17    -32768    -32768 -32768 -32768 -32768  -50.5   66.9   65.1   71.3   77.1  100 2147483647
  0.19    -32768    -32768 -32768 -32768 -32768 -32768    255    255    255    255    0 2147483647
  0.21    -32768    -32768 -32768 -32768 -32768 -32768    255    255    255    255    0 2147483647
  0.23    -32768    -32768 -32768 -32768 -32768 -32768    255    255    255    255    0 2147483647
  0.25    -32768    -32768 -32768 -32768 -32768 -32768    255    255    255    255    0 2147483647
  0.27    -32768    -32768 -32768 -32768 -32768 -32768    255    255    255    255    0 2147483647
  0.29    -32768    -32768 -32768 -32768 -32768 -32768    255    255    255    255    0 2147483647
  0.31    -32768    -32768 -32768 -32768 -32768 -32768    255    255    255    255    0 2147483647
  0.33    -32768    -32768 -32768 -32768 -32768 -32768    255    255    255    255    0 2147483647
  0.35    -32768    -32768 -32768 -32768 -32768 -32768    255    255    255    255    0 2147483647
  0.37    -32768    -32768 -32768 -32768 -32768 -32768    255    255    255    255    0 2147483647
  0.39    -32768    -32768 -32768 -32768 -32768 -32768    255    255    255    255    0 2147483647
  0.41    -32768    -32768 -32768 -32768 -32768 -32768    255    255    255    255    0 2147483647
  0.43    -32768    -32768 -32768 -32768 -32768 -32768    255    255    255    255    0 2147483647
  0.45    -32768    -32768 -32768 -32768 -32768 -32768    255    255    255    255    0 2147483647
  0.47    -32768    -32768 -32768 -32768 -32768 -32768    255    255    255    255    0 2147483647
  0.49    -32768    -32768 -32768 -32768 -32768 -32768    255    255    255    255    0 2147483647
  0.51    -32768    -32768 -32768 -32768 -32768 -32768    255    255    255    255    0 2147483647
  0.53    -32768    -32768 -32768 -32768 -32768 -32768    255    255    255    255    0 2147483647
  0.55    -32768    -32768 -32768 -32768 -32768 -32768    255    255    255    255    0 2147483647
  0.57    -32768    -32768 -32768 -32768 -32768 -32768    255    255    255    255    0 2147483647
  0.59    -32768    -32768 -32768 -32768 -32768 -32768    255    255    255    255    0 2147483647
  0.61    -32768    -32768 -32768 -32768 -32768 -32768    255    255    255    255    0 2147483647
  0.63    -32768    -32768 -32768 -32768 -32768 -32768    255    255    255    255    0 2147483647
  0.65    -32768    -32768 -32768 -32768 -32768 -32768    255    255    255    255    0 2147483647
  0.67    -32768    -32768 -32768 -32768 -32768 -32768    255    255    255    255    0 2147483647
  0.69    -32768    -32768 -32768 -32768 -32768 -32768    255    255    255    255    0 2147483647
  0.71    -32768    -32768 -32768 -32768 -32768 -32768    255    255    255    255    0 2147483647
  0.73    -32768    -32768 -32768 -32768 -32768 -32768    255    255    255    255    0 2147483647
18 5 29 9 56 11 96   127      1    2.960   -2.920  302.960   15.000 
-32768  -32768  -32768  -32768     0.00     0.00     0.00     0.00     0.26     0.24     0.27     0.24 
8.86        24.69        -6.01        -6.05         8.52
30000.0000000 30000.0000000 -32768   -32768         0.0
0.4           0.8           0.4           0.1           1.0           0.2           1.0  0.00   0.00
30 cm BT dB 0.44  1.038
  0.15    -32768    -32768 -32768 -32768 -32768   29.8   67.3   66.9   74.4   78.8  100 2147483647
  0.17    -32768    -32768 -32768 -32768 -32768 -32768    255    255    255    255    0 2147483647
  0.19    -32768    -32768 -32768 -32768 -32768 -32768    255    255    255    255    0 2147483647
  0.21    -32768    -32768 -32768 -32768 -32768 -32768    255    255    255    255    0 2147483647
  0.23    -32768    -32768 -32768 -32768 -32768 -32768    255    255    255    255    0 2147483647
  0.25    -32768    -32768 -32768 -32768 -32768 -32768    255    255    255    255    0 2147483647
  0.27    -32768    -32768 -32768 -32768 -32768 -32768    255    255    255    255    0 2147483647
  0.29    -32768    -32768 -32768 -32768 -32768 -32768    255    255    255    255    0 2147483647
  0.31    -32768    -32768 -32768 -32768 -32768 -32768    255    255    255    255    0 2147483647
  0.33    -32768    -32768 -32768 -32768 -32768 -32768    255    255    255    255    0 2147483647
  0.35    -32768    -32768 -32768 -32768 -32768 -32768    255    255    255    255    0 2147483647
  0.37    -32768    -32768 -32768 -32768 -32768 -32768    255    255    255    255    0 2147483647
  0.39    -32768    -32768 -32768 -32768 -32768 -32768    255    255    255    255    0 2147483647
  0.41    -32768    -32768 -32768 -32768 -32768 -32768    255    255    255    255    0 2147483647
  0.43    -32768    -32768 -32768 -32768 -32768 -32768    255    255    255    255    0 2147483647
  0.45    -32768    -32768 -32768 -32768 -32768 -32768    255    255    255    255    0 2147483647
  0.47    -32768    -32768 -32768 -32768 -32768 -32768    255    255    255    255    0 2147483647
  0.49    -32768    -32768 -32768 -32768 -32768 -32768    255    255    255    255    0 2147483647
  0.51    -32768    -32768 -32768 -32768 -32768 -32768    255    255    255    255    0 2147483647
  0.53    -32768    -32768 -32768 -32768 -32768 -32768    255    255    255    255    0 2147483647
  0.55    -32768    -32768 -32768 -32768 -32768 -32768    255    255    255    255    0 2147483647
  0.57    -32768    -32768 -32768 -32768 -32768 -32768    255    255    255    255    0 2147483647
  0.59    -32768    -32768 -32768 -32768 -32768 -32768    255    255    255    255    0 2147483647
  0.61    -32768    -32768 -32768 -32768 -32768 -32768    255    255    255    255    0 2147483647
  0.63    -32768    -32768 -32768 -32768 -32768 -32768    255    255    255    255    0 2147483647
  0.65    -32768    -32768 -32768 -32768 -32768 -32768    255    255    255    255    0 2147483647
  0.67    -32768    -32768 -32768 -32768 -32768 -32768    255    255    255    255    0 2147483647
  0.69    -32768    -32768 -32768 -32768 -32768 -32768    255    255    255    255    0 2147483647
  0.71    -32768    -32768 -32768 -32768 -32768 -32768    255    255    255    255    0 2147483647
  0.73    -32768    -32768 -32768 -32768 -32768 -32768    255    255    255    255    0 2147483647
18 5 29 9 56 13 14   128      1   -3.030   10.160  254.110   14.940 
-9.45   -55.20    -2.70     4.80     0.00     0.00     0.00     0.00     0.28     0.27     0.32     0.29 
10.85        25.87        -7.96        -6.38        10.21
30000.0000000 30000.0000000 -32768   -32768         0.0
0.5           1.0           0.5           0.1           1.0           0.2           1.0  0.15   0.19
30 cm BT dB 0.44  1.040
  0.15     95.04    135.58   66.5  -67.9    0.1   -6.1   65.5   67.3   73.1   78.4  100       0.03
  0.17     41.45    125.97   33.5  -24.3    0.5  -11.2   65.6   66.0   73.1   78.0  100       0.01
  0.19     92.03    109.42   86.8  -30.6    1.4   39.9   64.7   66.1   71.8   78.0  100       0.04
  0.21    -32768    -32768 -32768 -32768 -32768 -32768    255    255    255    255    0 2147483647
  0.23    -32768    -32768 -32768 -32768 -32768 -32768    255    255    255    255    0 2147483647
  0.25    -32768    -32768 -32768 -32768 -32768 -32768    255    255    255    255    0 2147483647
  0.27    -32768    -32768 -32768 -32768 -32768 -32768    255    255    255    255    0 2147483647
  0.29    -32768    -32768 -32768 -32768 -32768 -32768    255    255    255    255    0 2147483647
  0.31    -32768    -32768 -32768 -32768 -32768 -32768    255    255    255    255    0 2147483647
  0.33    -32768    -32768 -32768 -32768 -32768 -32768    255    255    255    255    0 2147483647
  0.35    -32768    -32768 -32768 -32768 -32768 -32768    255    255    255    255    0 2147483647
  0.37    -32768    -32768 -32768 -32768 -32768 -32768    255    255    255    255    0 2147483647
  0.39    -32768    -32768 -32768 -32768 -32768 -32768    255    255    255    255    0 2147483647
  0.41    -32768    -32768 -32768 -32768 -32768 -32768    255    255    255    255    0 2147483647
  0.43    -32768    -32768 -32768 -32768 -32768 -32768    255    255    255    255    0 2147483647
  0.45    -32768    -32768 -32768 -32768 -32768 -32768    255    255    255    255    0 2147483647
  0.47    -32768    -32768 -32768 -32768 -32768 -32768    255    255    255    255    0 2147483647
  0.49    -32768    -32768 -32768 -32768 -32768 -32768    255    255    255    255    0 2147483647
  0.51    -32768    -32768 -32768 -32768 -32768 -32768    255    255    255    255    0 2147483647
  0.53    -32768    -32768 -32768 -32768 -32768 -32768    255    255    255    255    0 2147483647
  0.55    -32768    -32768 -32768 -32768 -32768 -32768    255    255    255    255    0 2147483647
  0.57    -32768    -32768 -32768 -32768 -32768 -32768    255    255    255    255    0 2147483647
  0.59    -32768    -32768 -32768 -32768 -32768 -32768    255    255    255    255    0 2147483647
  0.61    -32768    -32768 -32768 -32768 -32768 -32768    255    255    255    255    0 2147483647
  0.63    -32768    -32768 -32768 -32768 -32768 -32768    255    255    255    255    0 2147483647
  0.65    -32768    -32768 -32768 -32768 -32768 -32768    255    255    255    255    0 2147483647
  0.67    -32768    -32768 -32768 -32768 -32768 -32768    255    255    255    255    0 2147483647
  0.69    -32768    -32768 -32768 -32768 -32768 -32768    255    255    255    255    0 2147483647
  0.71    -32768    -32768 -32768 -32768 -32768 -32768    255    255    255    255    0 2147483647
  0.73    -32768    -32768 -32768 -32768 -32768 -32768    255    255    255    255    0 2147483647
18 5 29 9 56 14 36   129      1    4.470   -2.360  299.280   15.000 
-21.00   -40.73    -6.20    -3.00     0.00     0.00     0.00     0.00     0.29     0.28     0.25     0.24 
11.40        27.09        -8.46        -6.64        10.76
30000.0000000 30000.0000000 -32768   -32768         0.0
0.5           1.0           0.5           0.1           1.0           0.2           1.0  0.15   0.15
30 cm BT dB 0.44  1.038
  0.15     41.52    144.36   24.2  -33.7   -8.1  -24.3   63.3   67.7   71.7   76.6  100       0.00
  0.17    -32768    -32768 -32768 -32768 -32768 -32768    255    255    255    255    0 2147483647
  0.19    -32768    -32768 -32768 -32768 -32768 -32768    255    255    255    255    0 2147483647
  0.21    -32768    -32768 -32768 -32768 -32768 -32768    255    255    255    255    0 2147483647
  0.23    -32768    -32768 -32768 -32768 -32768 -32768    255    255    255    255    0 2147483647
  0.25    -32768    -32768 -32768 -32768 -32768 -32768    255    255    255    255    0 2147483647
  0.27    -32768    -32768 -32768 -32768 -32768 -32768    255    255    255    255    0 2147483647
  0.29    -32768    -32768 -32768 -32768 -32768 -32768    255    255    255    255    0 2147483647
  0.31    -32768    -32768 -32768 -32768 -32768 -32768    255    255    255    255    0 2147483647
  0.33    -32768    -32768 -32768 -32768 -32768 -32768    255    255    255    255    0 2147483647
  0.35    -32768    -32768 -32768 -32768 -32768 -32768    255    255    255    255    0 2147483647
  0.37    -32768    -32768 -32768 -32768 -32768 -32768    255    255    255    255    0 2147483647
  0.39    -32768    -32768 -32768 -32768 -32768 -32768    255    255    255    255    0 2147483647
  0.41    -32768    -32768 -32768 -32768 -32768 -32768    255    255    255    255    0 2147483647
  0.43    -32768    -32768 -32768 -32768 -32768 -32768    255    255    255    255    0 2147483647
  0.45    -32768    -32768 -32768 -32768 -32768 -32768    255    255    255    255    0 2147483647
  0.47    -32768    -32768 -32768 -32768 -32768 -32768    255    255    255    255    0 2147483647
  0.49    -32768    -32768 -32768 -32768 -32768 -32768    255    255    255    255    0 2147483647
  0.51    -32768    -32768 -32768 -32768 -32768 -32768    255    255    255    255    0 2147483647
  0.53    -32768    -32768 -32768 -32768 -32768 -32768    255    255    255    255    0 2147483647
  0.55    -32768    -32768 -32768 -32768 -32768 -32768    255    255    255    255    0 2147483647
  0.57    -32768    -32768 -32768 -32768 -32768 -32768    255    255    255    255    0 2147483647
  0.59    -32768    -32768 -32768 -32768 -32768 -32768    255    255    255    255    0 2147483647
  0.61    -32768    -32768 -32768 -32768 -32768 -32768    255    255    255    255    0 2147483647
  0.63    -32768    -32768 -32768 -32768 -32768 -32768    255    255    255    255    0 2147483647
  0.65    -32768    -32768 -32768 -32768 -32768 -32768    255    255    255    255    0 2147483647
  0.67    -32768    -32768 -32768 -32768 -32768 -32768    255    255    255    255    0 2147483647
  0.69    -32768    -32768 -32768 -32768 -32768 -32768    255    255    255    255    0 2147483647
  0.71    -32768    -32768 -32768 -32768 -32768 -32768    255    255    255    255    0 2147483647
  0.73    -32768    -32768 -32768 -32768 -32768 -32768    255    255    255    255    0 2147483647
18 5 29 9 56 15 58   130      1    0.050    4.500  290.880   14.940 
-9.60   -43.97     0.50    -0.80     0.00     0.00     0.00     0.00     0.22     0.23     0.25     0.23 
11.95        28.31        -9.00        -6.76        11.25
30000.0000000 30000.0000000 -32768   -32768         0.0
0.5           1.0           0.5           0.1           1.0           0.2           1.0  0.00   0.00
30 cm BT dB 0.44  1.040
  0.15    -32768    -32768 -32768 -32768 -32768 -32768    255    255    255    255    0 2147483647
  0.17    -32768    -32768 -32768 -32768 -32768 -32768    255    255    255    255    0 2147483647
  0.19    -32768    -32768 -32768 -32768 -32768 -32768    255    255    255    255    0 2147483647
  0.21    -32768    -32768 -32768 -32768 -32768 -32768    255    255    255    255    0 2147483647
  0.23    -32768    -32768 -32768 -32768 -32768 -32768    255    255    255    255    0 2147483647
  0.25    -32768    -32768 -32768 -32768 -32768 -32768    255    255    255    255    0 2147483647
  0.27    -32768    -32768 -32768 -32768 -32768 -32768    255    255    255    255    0 2147483647
  0.29    -32768    -32768 -32768 -32768 -32768 -32768    255    255    255    255    0 2147483647
  0.31    -32768    -32768 -32768 -32768 -32768 -32768    255    255    255    255    0 2147483647
  0.33    -32768    -32768 -32768 -32768 -32768 -32768    255    255    255    255    0 2147483647
  0.35    -32768    -32768 -32768 -32768 -32768 -32768    255    255    255    255    0 2147483647
  0.37    -32768    -32768 -32768 -32768 -32768 -32768    255    255    255    255    0 2147483647
  0.39    -32768    -32768 -32768 -32768 -32768 -32768    255    255    255    255    0 2147483647
  0.41    -32768    -32768 -32768 -32768 -32768 -32768    255    255    255    255    0 2147483647
  0.43    -32768    -32768 -32768 -32768 -32768 -32768    255    255    255    255    0 2147483647
  0.45    -32768    -32768 -32768 -32768 -32768 -32768    255    255    255    255    0 2147483647
  0.47    -32768    -32768 -32768 -32768 -32768 -32768    255    255    255    255    0 2147483647
  0.49    -32768    -32768 -32768 -32768 -32768 -32768    255    255    255    255    0 2147483647
  0.51    -32768    -32768 -32768 -32768 -32768 -32768    255    255    255    255    0 2147483647
  0.53    -32768    -32768 -32768 -32768 -32768 -32768    255    255    255    255    0 2147483647
  0.55    -32768    -32768 -32768 -32768 -32768 -32768    255    255    255    255    0 2147483647
  0.57    -32768    -32768 -32768 -32768 -32768 -32768    255    255    255    255    0 2147483647
  0.59    -32768    -32768 -32768 -32768 -32768 -32768    255    255    255    255    0 2147483647
  0.61    -32768    -32768 -32768 -32768 -32768 -32768    255    255    255    255    0 2147483647
  0.63    -32768    -32768 -32768 -32768 -32768 -32768    255    255    255    255    0 2147483647
  0.65    -32768    -32768 -32768 -32768 -32768 -32768    255    255    255    255    0 2147483647
  0.67    -32768    -32768 -32768 -32768 -32768 -32768    255    255    255    255    0 2147483647
  0.69    -32768    -32768 -32768 -32768 -32768 -32768    255    255    255    255    0 2147483647
  0.71    -32768    -32768 -32768 -32768 -32768 -32768    255    255    255    255    0 2147483647
  0.73    -32768    -32768 -32768 -32768 -32768 -32768    255    255    255    255    0 2147483647
18 5 29 9 56 16 80   131      1    1.150    0.700  306.880   14.940 
-6.66   -19.38     0.50     3.80     0.00     0.00     0.00     0.00     0.18     0.20     0.20     0.21 
12.20        29.53        -9.23        -6.84        11.49
30000.0000000 30000.0000000 -32768   -32768         0.0
0.5           1.0           0.5           0.1           1.0           0.2           1.0  0.00   0.00
30 cm BT dB 0.44  1.040
  0.15    -32768    -32768 -32768 -32768 -32768 -32768    255    255    255    255    0 2147483647
  0.17    -32768    -32768 -32768 -32768 -32768 -32768    255    255    255    255    0 2147483647
  0.19    -32768    -32768 -32768 -32768 -32768 -32768    255    255    255    255    0 2147483647
  0.21    -32768    -32768 -32768 -32768 -32768 -32768    255    255    255    255    0 2147483647
  0.23    -32768    -32768 -32768 -32768 -32768 -32768    255    255    255    255    0 2147483647
  0.25    -32768    -32768 -32768 -32768 -32768 -32768    255    255    255    255    0 2147483647
  0.27    -32768    -32768 -32768 -32768 -32768 -32768    255    255    255    255    0 2147483647
  0.29    -32768    -32768 -32768 -32768 -32768 -32768    255    255    255    255    0 2147483647
  0.31    -32768    -32768 -32768 -32768 -32768 -32768    255    255    255    255    0 2147483647
  0.33    -32768    -32768 -32768 -32768 -32768 -32768    255    255    255    255    0 2147483647
  0.35    -32768    -32768 -32768 -32768 -32768 -32768    255    255    255    255    0 2147483647
  0.37    -32768    -32768 -32768 -32768 -32768 -32768    255    255    255    255    0 2147483647
  0.39    -32768    -32768 -32768 -32768 -32768 -32768    255    255    255    255    0 2147483647
  0.41    -32768    -32768 -32768 -32768 -32768 -32768    255    255    255    255    0 2147483647
  0.43    -32768    -32768 -32768 -32768 -32768 -32768    255    255    255    255    0 2147483647
  0.45    -32768    -32768 -32768 -32768 -32768 -32768    255    255    255    255    0 2147483647
  0.47    -32768    -32768 -32768 -32768 -32768 -32768    255    255    255    255    0 2147483647
  0.49    -32768    -32768 -32768 -32768 -32768 -32768    255    255    255    255    0 2147483647
  0.51    -32768    -32768 -32768 -32768 -32768 -32768    255    255    255    255    0 2147483647
  0.53    -32768    -32768 -32768 -32768 -32768 -32768    255    255    255    255    0 2147483647
  0.55    -32768    -32768 -32768 -32768 -32768 -32768    255    255    255    255    0 2147483647
  0.57    -32768    -32768 -32768 -32768 -32768 -32768    255    255    255    255    0 2147483647
  0.59    -32768    -32768 -32768 -32768 -32768 -32768    255    255    255    255    0 2147483647
  0.61    -32768    -32768 -32768 -32768 -32768 -32768    255    255    255    255    0 2147483647
  0.63    -32768    -32768 -32768 -32768 -32768 -32768    255    255    255    255    0 2147483647
  0.65    -32768    -32768 -32768 -32768 -32768 -32768    255    255    255    255    0 2147483647
  0.67    -32768    -32768 -32768 -32768 -32768 -32768    255    255    255    255    0 2147483647
  0.69    -32768    -32768 -32768 -32768 -32768 -32768    255    255    255    255    0 2147483647
  0.71    -32768    -32768 -32768 -32768 -32768 -32768    255    255    255    255    0 2147483647
  0.73    -32768    -32768 -32768 -32768 -32768 -32768    255    255    255    255    0 2147483647
18 5 29 9 56 18 2   132      1    0.140    2.790  331.610   14.940 
11.63    -6.79    -0.90    -5.90     0.00     0.00     0.00     0.00     0.19     0.19     0.21     0.20 
12.37        30.75        -9.32        -6.70        11.47
30000.0000000 30000.0000000 -32768   -32768         0.0
0.5           1.0           0.5           0.1           1.0           0.2           1.0  0.00   0.00
30 cm BT dB 0.44  1.040
  0.15    -32768    -32768 -32768 -32768 -32768 -32768    255    255    255    255    0 2147483647
  0.17    -32768    -32768 -32768 -32768 -32768 -32768    255    255    255    255    0 2147483647
  0.19    -32768    -32768 -32768 -32768 -32768 -32768    255    255    255    255    0 2147483647
  0.21    -32768    -32768 -32768 -32768 -32768 -32768    255    255    255    255    0 2147483647
  0.23    -32768    -32768 -32768 -32768 -32768 -32768    255    255    255    255    0 2147483647
  0.25    -32768    -32768 -32768 -32768 -32768 -32768    255    255    255    255    0 2147483647
  0.27    -32768    -32768 -32768 -32768 -32768 -32768    255    255    255    255    0 2147483647
  0.29    -32768    -32768 -32768 -32768 -32768 -32768    255    255    255    255    0 2147483647
  0.31    -32768    -32768 -32768 -32768 -32768 -32768    255    255    255    255    0 2147483647
  0.33    -32768    -32768 -32768 -32768 -32768 -32768    255    255    255    255    0 2147483647
  0.35    -32768    -32768 -32768 -32768 -32768 -32768    255    255    255    255    0 2147483647
  0.37    -32768    -32768 -32768 -32768 -32768 -32768    255    255    255    255    0 2147483647
  0.39    -32768    -32768 -32768 -32768 -32768 -32768    255    255    255    255    0 2147483647
  0.41    -32768    -32768 -32768 -32768 -32768 -32768    255    255    255    255    0 2147483647
  0.43    -32768    -32768 -32768 -32768 -32768 -32768    255    255    255    255    0 2147483647
  0.45    -32768    -32768 -32768 -32768 -32768 -32768    255    255    255    255    0 2147483647
  0.47    -32768    -32768 -32768 -32768 -32768 -32768    255    255    255    255    0 2147483647
  0.49    -32768    -32768 -32768 -32768 -32768 -32768    255    255    255    255    0 2147483647
  0.51    -32768    -32768 -32768 -32768 -32768 -32768    255    255    255    255    0 2147483647
  0.53    -32768    -32768 -32768 -32768 -32768 -32768    255    255    255    255    0 2147483647
  0.55    -32768    -32768 -32768 -32768 -32768 -32768    255    255    255    255    0 2147483647
  0.57    -32768    -32768 -32768 -32768 -32768 -32768    255    255    255    255    0 2147483647
  0.59    -32768    -32768 -32768 -32768 -32768 -32768    255    255    255    255    0 2147483647
  0.61    -32768    -32768 -32768 -32768 -32768 -32768    255    255    255    255    0 2147483647
  0.63    -32768    -32768 -32768 -32768 -32768 -32768    255    255    255    255    0 2147483647
  0.65    -32768    -32768 -32768 -32768 -32768 -32768    255    255    255    255    0 2147483647
  0.67    -32768    -32768 -32768 -32768 -32768 -32768    255    255    255    255    0 2147483647
  0.69    -32768    -32768 -32768 -32768 -32768 -32768    255    255    255    255    0 2147483647
  0.71    -32768    -32768 -32768 -32768 -32768 -32768    255    255    255    255    0 2147483647
  0.73    -32768    -32768 -32768 -32768 -32768 -32768    255    255    255    255    0 2147483647
